              0          1.0000e+00
              1          3.1045e-01
              2          2.0223e-01
              3          1.4768e-01
              4          1.1407e-01
              5          9.1205e-02
              6          7.5860e-02
              7          6.5004e-02
              8          5.6264e-02
              9          4.9600e-02
             10          4.4189e-02
             11          3.9600e-02
             12          3.6105e-02
             13          3.3067e-02
             14          3.0695e-02
             15          2.8497e-02
             16          2.6941e-02
             17          2.5327e-02
             18          2.4023e-02
             19          2.2644e-02
             20          2.1570e-02
             21          2.0666e-02
             22          1.9765e-02
             23          1.9119e-02
             24          1.8301e-02
             25          1.7578e-02
             26          1.7051e-02
             27          1.6435e-02
             28          1.5925e-02
             29          1.5437e-02
             30          1.5015e-02
             31          1.4551e-02
             32          1.4205e-02
             33          1.3849e-02
             34          1.3420e-02
             35          1.3070e-02
             36          1.2784e-02
             37          1.2465e-02
             38          1.2223e-02
             39          1.1860e-02
             40          1.1613e-02
             41          1.1428e-02
             42          1.1170e-02
             43          1.0942e-02
             44          1.0727e-02
             45          1.0504e-02
             46          1.0323e-02
             47          1.0167e-02
             48          9.9697e-03
             49          9.7542e-03
             50          9.5973e-03
             51          9.4108e-03
             52          9.2769e-03
             53          9.1398e-03
             54          8.9355e-03
             55          8.8493e-03
             56          8.6354e-03
             57          8.5567e-03
             58          8.3743e-03
             59          8.2570e-03
             60          8.1320e-03
             61          8.0698e-03
             62          7.9114e-03
             63          7.8155e-03
             64          7.6984e-03
             65          7.5944e-03
             66          7.4728e-03
             67          7.3843e-03
             68          7.2985e-03
             69          7.1833e-03
             70          7.0749e-03
             71          7.0165e-03
             72          6.8933e-03
             73          6.8266e-03
             74          6.7243e-03
             75          6.6424e-03
             76          6.5199e-03
             77          6.4590e-03
             78          6.3342e-03
             79          6.3191e-03
             80          6.1755e-03
             81          6.1067e-03
             82          6.0772e-03
             83          5.9935e-03
             84          5.9589e-03
             85          5.8543e-03
             86          5.8117e-03
             87          5.7275e-03
             88          5.6742e-03
             89          5.6080e-03
             90          5.5392e-03
             91          5.5109e-03
             92          5.4403e-03
             93          5.4014e-03
             94          5.2899e-03
             95          5.2479e-03
             96          5.1736e-03
             97          5.1562e-03
             98          5.0919e-03
             99          5.0549e-03
            100          4.9925e-03
            101          4.9073e-03
            102          4.8509e-03
            103          4.8450e-03
            104          4.7545e-03
            105          4.7345e-03
            106          4.6808e-03
            107          4.6536e-03
            108          4.6221e-03
            109          4.5546e-03
            110          4.5314e-03
            111          4.4693e-03
            112          4.4124e-03
            113          4.3731e-03
            114          4.3540e-03
            115          4.2879e-03
            116          4.2607e-03
            117          4.1951e-03
            118          4.1424e-03
            119          4.1276e-03
            120          4.1130e-03
            121          4.0622e-03
            122          4.0415e-03
            123          4.0036e-03
            124          3.9370e-03
            125          3.8878e-03
            126          3.8684e-03
            127          3.8263e-03
            128          3.7699e-03
            129          3.8016e-03
            130          3.7566e-03
            131          3.7223e-03
            132          3.6893e-03
            133          3.6507e-03
            134          3.6275e-03
            135          3.5872e-03
            136          3.5480e-03
            137          3.5232e-03
            138          3.5057e-03
            139          3.4678e-03
            140          3.4525e-03
            141          3.4231e-03
            142          3.3713e-03
            143          3.3468e-03
            144          3.3344e-03
            145          3.3016e-03
            146          3.2768e-03
            147          3.2665e-03
            148          3.2266e-03
            149          3.2041e-03
            150          3.1834e-03
            151          3.1333e-03
            152          3.1324e-03
            153          3.1032e-03
            154          3.1040e-03
            155          3.0672e-03
            156          3.0467e-03
            157          3.0046e-03
            158          3.0017e-03
            159          2.9825e-03
            160          2.9526e-03
            161          2.9322e-03
            162          2.9070e-03
            163          2.8850e-03
            164          2.8836e-03
            165          2.8518e-03
            166          2.8321e-03
            167          2.8139e-03
            168          2.7963e-03
            169          2.7736e-03
            170          2.7751e-03
            171          2.7376e-03
            172          2.7328e-03
            173          2.7138e-03
            174          2.7008e-03
            175          2.6813e-03
            176          2.6395e-03
            177          2.6200e-03
            178          2.6151e-03
            179          2.6070e-03
            180          2.5718e-03
            181          2.5868e-03
            182          2.5613e-03
            183          2.5295e-03
            184          2.5388e-03
            185          2.5033e-03
            186          2.4854e-03
            187          2.4739e-03
            188          2.4595e-03
            189          2.4515e-03
            190          2.4237e-03
            191          2.4163e-03
            192          2.4042e-03
            193          2.3946e-03
            194          2.3651e-03
            195          2.3530e-03
            196          2.3549e-03
            197          2.3308e-03
            198          2.3252e-03
            199          2.3257e-03
            200          2.3016e-03
            201          2.2881e-03
            202          2.2726e-03
            203          2.2655e-03
            204          2.2409e-03
            205          2.2318e-03
            206          2.2314e-03
            207          2.2061e-03
            208          2.1936e-03
            209          2.1867e-03
            210          2.1843e-03
            211          2.1647e-03
            212          2.1484e-03
            213          2.1408e-03
            214          2.1354e-03
            215          2.1220e-03
            216          2.1077e-03
            217          2.0973e-03
            218          2.0889e-03
            219          2.0822e-03
            220          2.0770e-03
            221          2.0651e-03
            222          2.0506e-03
            223          2.0366e-03
            224          2.0249e-03
            225          2.0228e-03
            226          2.0028e-03
            227          2.0011e-03
            228          1.9925e-03
            229          1.9859e-03
            230          1.9670e-03
            231          1.9657e-03
            232          1.9562e-03
            233          1.9618e-03
            234          1.9356e-03
            235          1.9289e-03
            236          1.9119e-03
            237          1.9193e-03
            238          1.9127e-03
            239          1.8951e-03
            240          1.8971e-03
            241          1.8773e-03
            242          1.8701e-03
            243          1.8620e-03
            244          1.8540e-03
            245          1.8413e-03
            246          1.8485e-03
            247          1.8356e-03
            248          1.8188e-03
            249          1.8146e-03
            250          1.8112e-03
            251          1.8050e-03
            252          1.7864e-03
            253          1.7859e-03
            254          1.7768e-03
            255          1.7697e-03
            256          1.7686e-03
            257          1.7593e-03
            258          1.7523e-03
            259          1.7462e-03
            260          1.7356e-03
            261          1.7353e-03
            262          1.7177e-03
            263          1.7189e-03
            264          1.7101e-03
            265          1.7120e-03
            266          1.6902e-03
            267          1.6891e-03
            268          1.6789e-03
            269          1.6846e-03
            270          1.6709e-03
            271          1.6723e-03
            272          1.6632e-03
            273          1.6595e-03
            274          1.6463e-03
            275          1.6601e-03
            276          1.6336e-03
            277          1.6351e-03
            278          1.6172e-03
            279          1.6063e-03
            280          1.6182e-03
            281          1.6097e-03
            282          1.6040e-03
            283          1.5979e-03
            284          1.5906e-03
            285          1.5917e-03
            286          1.5798e-03
            287          1.5771e-03
            288          1.5666e-03
            289          1.5649e-03
            290          1.5629e-03
            291          1.5565e-03
            292          1.5454e-03
            293          1.5427e-03
            294          1.5398e-03
            295          1.5323e-03
            296          1.5291e-03
            297          1.5214e-03
            298          1.5196e-03
            299          1.5077e-03
            300          1.5062e-03
            301          1.5090e-03
            302          1.5037e-03
            303          1.4984e-03
            304          1.4932e-03
            305          1.4877e-03
            306          1.4812e-03
            307          1.4733e-03
            308          1.4748e-03
            309          1.4722e-03
            310          1.4603e-03
            311          1.4580e-03
            312          1.4512e-03
            313          1.4454e-03
            314          1.4471e-03
            315          1.4449e-03
            316          1.4372e-03
            317          1.4332e-03
            318          1.4254e-03
            319          1.4183e-03
            320          1.4122e-03
            321          1.4135e-03
            322          1.4080e-03
            323          1.4139e-03
            324          1.4085e-03
            325          1.4017e-03
            326          1.3936e-03
            327          1.3948e-03
            328          1.3860e-03
            329          1.3817e-03
            330          1.3816e-03
            331          1.3739e-03
            332          1.3710e-03
            333          1.3707e-03
            334          1.3651e-03
            335          1.3589e-03
            336          1.3586e-03
            337          1.3475e-03
            338          1.3447e-03
            339          1.3446e-03
            340          1.3353e-03
            341          1.3343e-03
            342          1.3265e-03
            343          1.3274e-03
            344          1.3194e-03
            345          1.3243e-03
            346          1.3199e-03
            347          1.3092e-03
            348          1.3067e-03
            349          1.3069e-03
            350          1.3036e-03
            351          1.2979e-03
            352          1.2965e-03
            353          1.2879e-03
            354          1.2843e-03
            355          1.2823e-03
            356          1.2789e-03
            357          1.2807e-03
            358          1.2747e-03
            359          1.2721e-03
            360          1.2661e-03
            361          1.2642e-03
            362          1.2655e-03
            363          1.2601e-03
            364          1.2539e-03
            365          1.2526e-03
            366          1.2564e-03
            367          1.2485e-03
            368          1.2466e-03
            369          1.2401e-03
            370          1.2390e-03
            371          1.2326e-03
            372          1.2339e-03
            373          1.2232e-03
            374          1.2181e-03
            375          1.2193e-03
            376          1.2150e-03
            377          1.2099e-03
            378          1.2153e-03
            379          1.2135e-03
            380          1.2033e-03
            381          1.2015e-03
            382          1.2033e-03
            383          1.1985e-03
            384          1.1896e-03
            385          1.1882e-03
            386          1.1877e-03
            387          1.1824e-03
            388          1.1797e-03
            389          1.1748e-03
            390          1.1757e-03
            391          1.1763e-03
            392          1.1782e-03
            393          1.1731e-03
            394          1.1695e-03
            395          1.1637e-03
            396          1.1610e-03
            397          1.1600e-03
            398          1.1576e-03
            399          1.1514e-03
            400          1.1495e-03
            401          1.1509e-03
            402          1.1432e-03
            403          1.1425e-03
            404          1.1424e-03
            405          1.1365e-03
            406          1.1340e-03
            407          1.1310e-03
            408          1.1307e-03
            409          1.1277e-03
            410          1.1235e-03
            411          1.1173e-03
            412          1.1176e-03
            413          1.1189e-03
            414          1.1119e-03
            415          1.1155e-03
            416          1.1129e-03
            417          1.1076e-03
            418          1.1097e-03
            419          1.1052e-03
            420          1.0994e-03
            421          1.0955e-03
            422          1.0939e-03
            423          1.0884e-03
            424          1.0879e-03
            425          1.0862e-03
            426          1.0815e-03
            427          1.0829e-03
            428          1.0807e-03
            429          1.0820e-03
            430          1.0782e-03
            431          1.0749e-03
            432          1.0703e-03
            433          1.0672e-03
            434          1.0652e-03
            435          1.0634e-03
            436          1.0654e-03
            437          1.0607e-03
            438          1.0557e-03
            439          1.0533e-03
            440          1.0509e-03
            441          1.0500e-03
            442          1.0475e-03
            443          1.0420e-03
            444          1.0427e-03
            445          1.0400e-03
            446          1.0374e-03
            447          1.0390e-03
            448          1.0364e-03
            449          1.0335e-03
            450          1.0274e-03
            451          1.0289e-03
            452          1.0267e-03
            453          1.0279e-03
            454          1.0175e-03
            455          1.0233e-03
            456          1.0180e-03
            457          1.0127e-03
            458          1.0139e-03
            459          1.0131e-03
            460          1.0124e-03
            461          1.0090e-03
            462          1.0067e-03
            463          1.0058e-03
            464          1.0048e-03
            465          9.9650e-04
            466          9.9676e-04
            467          9.9667e-04
            468          9.9539e-04
            469          9.9660e-04
            470          9.9327e-04
            471          9.8773e-04
            472          9.8781e-04
            473          9.8437e-04
            474          9.8056e-04
            475          9.8209e-04
            476          9.7536e-04
            477          9.7658e-04
            478          9.7450e-04
            479          9.7492e-04
            480          9.6758e-04
            481          9.6976e-04
            482          9.6773e-04
            483          9.6442e-04
            484          9.6164e-04
            485          9.6297e-04
            486          9.5695e-04
            487          9.5665e-04
            488          9.5907e-04
            489          9.5513e-04
            490          9.4997e-04
            491          9.5333e-04
            492          9.4394e-04
            493          9.4601e-04
            494          9.4060e-04
            495          9.4626e-04
            496          9.4191e-04
            497          9.3957e-04
            498          9.4081e-04
            499          9.3808e-04
            500          9.3653e-04
            501          9.3267e-04
            502          9.3283e-04
            503          9.3111e-04
            504          9.2835e-04
            505          9.2603e-04
            506          9.2083e-04
            507          9.2353e-04
            508          9.2161e-04
            509          9.1967e-04
            510          9.1564e-04
            511          9.1641e-04
            512          9.1090e-04
            513          9.0852e-04
            514          9.0259e-04
            515          9.0866e-04
            516          9.0168e-04
            517          9.0501e-04
            518          9.0127e-04
            519          9.0114e-04
            520          8.9921e-04
            521          8.9704e-04
            522          9.0001e-04
            523          8.9698e-04
            524          8.9484e-04
            525          8.9197e-04
            526          8.8901e-04
            527          8.8539e-04
            528          8.8810e-04
            529          8.8634e-04
            530          8.8278e-04
            531          8.8130e-04
            532          8.8311e-04
            533          8.8187e-04
            534          8.7748e-04
            535          8.7869e-04
            536          8.7297e-04
            537          8.7739e-04
            538          8.7061e-04
            539          8.7214e-04
            540          8.7129e-04
            541          8.6580e-04
            542          8.6482e-04
            543          8.6644e-04
            544          8.6323e-04
            545          8.5712e-04
            546          8.5869e-04
            547          8.6211e-04
            548          8.5985e-04
            549          8.5369e-04
            550          8.5643e-04
            551          8.4921e-04
            552          8.4825e-04
            553          8.4725e-04
            554          8.4711e-04
            555          8.4589e-04
            556          8.3905e-04
            557          8.4365e-04
            558          8.3811e-04
            559          8.3996e-04
            560          8.3784e-04
            561          8.3792e-04
            562          8.3508e-04
            563          8.2835e-04
            564          8.2950e-04
            565          8.2850e-04
            566          8.2713e-04
            567          8.2888e-04
            568          8.2063e-04
            569          8.2270e-04
            570          8.2156e-04
            571          8.2294e-04
            572          8.2054e-04
            573          8.1925e-04
            574          8.1893e-04
            575          8.1502e-04
            576          8.1859e-04
            577          8.1687e-04
            578          8.0877e-04
            579          8.1024e-04
            580          8.0944e-04
            581          8.1085e-04
            582          8.0879e-04
            583          8.0526e-04
            584          8.0391e-04
            585          8.0211e-04
            586          8.0268e-04
            587          7.9690e-04
            588          7.9774e-04
            589          7.9260e-04
            590          7.9513e-04
            591          7.9275e-04
            592          7.8922e-04
            593          7.9639e-04
            594          7.9023e-04
            595          7.9329e-04
            596          7.9102e-04
            597          7.8768e-04
            598          7.8559e-04
            599          7.8443e-04
            600          7.8171e-04
            601          7.8178e-04
            602          7.7917e-04
            603          7.7821e-04
            604          7.7807e-04
            605          7.7365e-04
            606          7.7714e-04
            607          7.7424e-04
            608          7.7362e-04
            609          7.7315e-04
            610          7.7098e-04
            611          7.6946e-04
            612          7.6514e-04
            613          7.6383e-04
            614          7.6412e-04
            615          7.6081e-04
            616          7.6763e-04
            617          7.6152e-04
            618          7.6077e-04
            619          7.5919e-04
            620          7.6086e-04
            621          7.5441e-04
            622          7.5409e-04
            623          7.5550e-04
            624          7.5339e-04
            625          7.4962e-04
            626          7.4973e-04
            627          7.5148e-04
            628          7.4632e-04
            629          7.4729e-04
            630          7.4617e-04
            631          7.4718e-04
            632          7.4669e-04
            633          7.4367e-04
            634          7.4382e-04
            635          7.4191e-04
            636          7.4287e-04
            637          7.4137e-04
            638          7.3761e-04
            639          7.3399e-04
            640          7.3476e-04
            641          7.3085e-04
            642          7.3287e-04
            643          7.3020e-04
            644          7.3048e-04
            645          7.2635e-04
            646          7.2896e-04
            647          7.2545e-04
            648          7.2635e-04
            649          7.2396e-04
            650          7.2270e-04
            651          7.2192e-04
            652          7.2317e-04
            653          7.2132e-04
            654          7.1927e-04
            655          7.1898e-04
            656          7.1726e-04
            657          7.1496e-04
            658          7.1432e-04
            659          7.1422e-04
            660          7.1136e-04
            661          7.1020e-04
            662          7.1064e-04
            663          7.1076e-04
            664          7.0786e-04
            665          7.0674e-04
            666          7.0434e-04
            667          7.0433e-04
            668          7.0646e-04
            669          7.0515e-04
            670          7.0482e-04
            671          7.0288e-04
            672          7.0310e-04
            673          6.9634e-04
            674          6.9342e-04
            675          6.9380e-04
            676          6.9502e-04
            677          6.9306e-04
            678          6.9356e-04
            679          6.9159e-04
            680          6.9116e-04
            681          6.9297e-04
            682          6.9066e-04
            683          6.8750e-04
            684          6.8680e-04
            685          6.8736e-04
            686          6.8405e-04
            687          6.8516e-04
            688          6.8640e-04
            689          6.8214e-04
            690          6.7975e-04
            691          6.8202e-04
            692          6.7806e-04
            693          6.7776e-04
            694          6.7875e-04
            695          6.7613e-04
            696          6.7169e-04
            697          6.7417e-04
            698          6.7261e-04
            699          6.7600e-04
            700          6.7213e-04
            701          6.6956e-04
            702          6.7011e-04
            703          6.6681e-04
            704          6.6553e-04
            705          6.6616e-04
            706          6.6366e-04
            707          6.6284e-04
            708          6.6380e-04
            709          6.6196e-04
            710          6.6013e-04
            711          6.6043e-04
            712          6.5760e-04
            713          6.5786e-04
            714          6.5978e-04
            715          6.5843e-04
            716          6.5755e-04
            717          6.5495e-04
            718          6.5314e-04
            719          6.5136e-04
            720          6.5064e-04
            721          6.5236e-04
            722          6.4836e-04
            723          6.5189e-04
            724          6.5036e-04
            725          6.4877e-04
            726          6.4685e-04
            727          6.4759e-04
            728          6.4592e-04
            729          6.4505e-04
            730          6.4269e-04
            731          6.4054e-04
            732          6.3998e-04
            733          6.4035e-04
            734          6.3893e-04
            735          6.3949e-04
            736          6.4006e-04
            737          6.3610e-04
            738          6.3754e-04
            739          6.3705e-04
            740          6.3639e-04
            741          6.3535e-04
            742          6.3167e-04
            743          6.3273e-04
            744          6.3077e-04
            745          6.2911e-04
            746          6.3079e-04
            747          6.2842e-04
            748          6.2746e-04
            749          6.2645e-04
            750          6.2606e-04
            751          6.2373e-04
            752          6.2291e-04
            753          6.2033e-04
            754          6.2060e-04
            755          6.2438e-04
            756          6.2182e-04
            757          6.2170e-04
            758          6.1982e-04
            759          6.2000e-04
            760          6.1765e-04
            761          6.1725e-04
            762          6.1536e-04
            763          6.1287e-04
            764          6.1365e-04
            765          6.1271e-04
            766          6.1466e-04
            767          6.1324e-04
            768          6.1090e-04
            769          6.1184e-04
            770          6.0769e-04
            771          6.0783e-04
            772          6.0661e-04
            773          6.0585e-04
            774          6.0472e-04
            775          6.0415e-04
            776          6.0444e-04
            777          6.0532e-04
            778          6.0325e-04
            779          6.0292e-04
            780          6.0180e-04
            781          5.9971e-04
            782          6.0102e-04
            783          5.9823e-04
            784          5.9746e-04
            785          5.9403e-04
            786          5.9534e-04
            787          5.9502e-04
            788          5.9369e-04
            789          5.9228e-04
            790          5.9412e-04
            791          5.9244e-04
            792          5.9173e-04
            793          5.9064e-04
            794          5.9054e-04
            795          5.8737e-04
            796          5.8730e-04
            797          5.8864e-04
            798          5.8859e-04
            799          5.8651e-04
            800          5.8403e-04
            801          5.8570e-04
            802          5.8503e-04
            803          5.8591e-04
            804          5.8247e-04
            805          5.8317e-04
            806          5.7966e-04
            807          5.8009e-04
            808          5.8139e-04
            809          5.7924e-04
            810          5.7912e-04
            811          5.7601e-04
            812          5.7915e-04
            813          5.7788e-04
            814          5.7521e-04
            815          5.7528e-04
            816          5.7353e-04
            817          5.7275e-04
            818          5.7433e-04
            819          5.7251e-04
            820          5.7196e-04
            821          5.6989e-04
            822          5.6824e-04
            823          5.7048e-04
            824          5.6592e-04
            825          5.6827e-04
            826          5.6590e-04
            827          5.6534e-04
            828          5.6570e-04
            829          5.6591e-04
            830          5.6508e-04
            831          5.6470e-04
            832          5.6653e-04
            833          5.6447e-04
            834          5.6380e-04
            835          5.6169e-04
            836          5.6037e-04
            837          5.6199e-04
            838          5.5963e-04
            839          5.5845e-04
            840          5.5558e-04
            841          5.5758e-04
            842          5.5602e-04
            843          5.5627e-04
            844          5.5549e-04
            845          5.5713e-04
            846          5.5551e-04
            847          5.5502e-04
            848          5.5251e-04
            849          5.5176e-04
            850          5.5295e-04
            851          5.4989e-04
            852          5.4948e-04
            853          5.4976e-04
            854          5.4967e-04
            855          5.4718e-04
            856          5.4862e-04
            857          5.4514e-04
            858          5.4499e-04
            859          5.4225e-04
            860          5.4461e-04
            861          5.4304e-04
            862          5.4125e-04
            863          5.4101e-04
            864          5.4034e-04
            865          5.4388e-04
            866          5.3847e-04
            867          5.3886e-04
            868          5.4026e-04
            869          5.4082e-04
            870          5.3874e-04
            871          5.3901e-04
            872          5.3893e-04
            873          5.3788e-04
            874          5.3441e-04
            875          5.3507e-04
            876          5.3344e-04
            877          5.3242e-04
            878          5.3453e-04
            879          5.3140e-04
            880          5.3134e-04
            881          5.3344e-04
            882          5.3383e-04
            883          5.3250e-04
            884          5.2899e-04
            885          5.2942e-04
            886          5.3097e-04
            887          5.2911e-04
            888          5.2768e-04
            889          5.2637e-04
            890          5.2589e-04
            891          5.2694e-04
            892          5.2318e-04
            893          5.2529e-04
            894          5.2522e-04
            895          5.2233e-04
            896          5.2277e-04
            897          5.2270e-04
            898          5.2102e-04
            899          5.1934e-04
            900          5.1861e-04
            901          5.1958e-04
            902          5.1934e-04
            903          5.1701e-04
            904          5.1742e-04
            905          5.1662e-04
            906          5.1875e-04
            907          5.1796e-04
            908          5.1670e-04
            909          5.1382e-04
            910          5.1511e-04
            911          5.1477e-04
            912          5.1597e-04
            913          5.1415e-04
            914          5.1187e-04
            915          5.1047e-04
            916          5.1289e-04
            917          5.1161e-04
            918          5.1023e-04
            919          5.1057e-04
            920          5.0684e-04
            921          5.0872e-04
            922          5.0717e-04
            923          5.0793e-04
            924          5.0703e-04
            925          5.0829e-04
            926          5.0457e-04
            927          5.0708e-04
            928          5.0621e-04
            929          5.0465e-04
            930          5.0429e-04
            931          5.0231e-04
            932          5.0425e-04
            933          5.0330e-04
            934          5.0291e-04
            935          5.0169e-04
            936          5.0301e-04
            937          5.0079e-04
            938          5.0195e-04
            939          5.0025e-04
            940          4.9753e-04
            941          4.9917e-04
            942          4.9895e-04
            943          4.9603e-04
            944          4.9658e-04
            945          4.9444e-04
            946          4.9660e-04
            947          4.9605e-04
            948          4.9703e-04
            949          4.9294e-04
            950          4.9296e-04
            951          4.9124e-04
            952          4.9095e-04
            953          4.9006e-04
            954          4.9036e-04
            955          4.8848e-04
            956          4.8937e-04
            957          4.8907e-04
            958          4.8855e-04
            959          4.8700e-04
            960          4.8758e-04
            961          4.8799e-04
            962          4.8646e-04
            963          4.8615e-04
            964          4.8578e-04
            965          4.8456e-04
            966          4.8430e-04
            967          4.8375e-04
            968          4.8262e-04
            969          4.8430e-04
            970          4.8210e-04
            971          4.8174e-04
            972          4.8203e-04
            973          4.8279e-04
            974          4.7989e-04
            975          4.7852e-04
            976          4.8026e-04
            977          4.8007e-04
            978          4.7879e-04
            979          4.7982e-04
            980          4.7958e-04
            981          4.8005e-04
            982          4.7864e-04
            983          4.7868e-04
            984          4.7694e-04
            985          4.7679e-04
            986          4.7536e-04
            987          4.7463e-04
            988          4.7503e-04
            989          4.7414e-04
            990          4.7358e-04
            991          4.7556e-04
            992          4.7140e-04
            993          4.7207e-04
            994          4.7108e-04
            995          4.7172e-04
            996          4.7074e-04
            997          4.6961e-04
            998          4.6921e-04
            999          4.6844e-04
           1000          4.7147e-04
