              0          1.0000e+00
              1          3.1126e-01
              2          2.0280e-01
              3          1.4683e-01
              4          1.1335e-01
              5          9.1403e-02
              6          7.5911e-02
              7          6.4692e-02
              8          5.6085e-02
              9          4.9342e-02
             10          4.3986e-02
             11          3.9801e-02
             12          3.6264e-02
             13          3.3292e-02
             14          3.0705e-02
             15          2.8743e-02
             16          2.6891e-02
             17          2.5267e-02
             18          2.3836e-02
             19          2.2672e-02
             20          2.1536e-02
             21          2.0504e-02
             22          1.9698e-02
             23          1.8886e-02
             24          1.8215e-02
             25          1.7594e-02
             26          1.6896e-02
             27          1.6330e-02
             28          1.5877e-02
             29          1.5406e-02
             30          1.4900e-02
             31          1.4441e-02
             32          1.4101e-02
             33          1.3718e-02
             34          1.3364e-02
             35          1.2946e-02
             36          1.2649e-02
             37          1.2387e-02
             38          1.2056e-02
             39          1.1913e-02
             40          1.1523e-02
             41          1.1286e-02
             42          1.1095e-02
             43          1.0829e-02
             44          1.0647e-02
             45          1.0484e-02
             46          1.0232e-02
             47          1.0036e-02
             48          9.8377e-03
             49          9.7000e-03
             50          9.4868e-03
             51          9.3789e-03
             52          9.1790e-03
             53          9.0502e-03
             54          8.9213e-03
             55          8.7873e-03
             56          8.5925e-03
             57          8.4854e-03
             58          8.3794e-03
             59          8.1710e-03
             60          8.1197e-03
             61          7.9818e-03
             62          7.9141e-03
             63          7.7845e-03
             64          7.6135e-03
             65          7.5450e-03
             66          7.4499e-03
             67          7.3363e-03
             68          7.2410e-03
             69          7.1092e-03
             70          7.0635e-03
             71          6.9216e-03
             72          6.8483e-03
             73          6.7837e-03
             74          6.6614e-03
             75          6.6183e-03
             76          6.5251e-03
             77          6.4701e-03
             78          6.3462e-03
             79          6.2865e-03
             80          6.1941e-03
             81          6.1218e-03
             82          6.0350e-03
             83          5.9496e-03
             84          5.9367e-03
             85          5.8525e-03
             86          5.7864e-03
             87          5.6931e-03
             88          5.6317e-03
             89          5.5316e-03
             90          5.5134e-03
             91          5.4680e-03
             92          5.3983e-03
             93          5.3138e-03
             94          5.2864e-03
             95          5.2108e-03
             96          5.1358e-03
             97          5.1061e-03
             98          5.0726e-03
             99          4.9890e-03
            100          4.9992e-03
            101          4.8943e-03
            102          4.8718e-03
            103          4.8403e-03
            104          4.7240e-03
            105          4.6896e-03
            106          4.6602e-03
            107          4.6151e-03
            108          4.5844e-03
            109          4.5310e-03
            110          4.4579e-03
            111          4.4146e-03
            112          4.3827e-03
            113          4.3566e-03
            114          4.2903e-03
            115          4.2583e-03
            116          4.2335e-03
            117          4.1788e-03
            118          4.1580e-03
            119          4.1279e-03
            120          4.0759e-03
            121          4.0412e-03
            122          4.0129e-03
            123          3.9652e-03
            124          3.9200e-03
            125          3.8901e-03
            126          3.8732e-03
            127          3.8314e-03
            128          3.8019e-03
            129          3.7658e-03
            130          3.7441e-03
            131          3.6930e-03
            132          3.6734e-03
            133          3.6439e-03
            134          3.6002e-03
            135          3.5357e-03
            136          3.5278e-03
            137          3.4971e-03
            138          3.4749e-03
            139          3.4486e-03
            140          3.4199e-03
            141          3.3953e-03
            142          3.3704e-03
            143          3.3384e-03
            144          3.3197e-03
            145          3.3192e-03
            146          3.2753e-03
            147          3.2248e-03
            148          3.2110e-03
            149          3.1950e-03
            150          3.1729e-03
            151          3.1193e-03
            152          3.1133e-03
            153          3.0989e-03
            154          3.0801e-03
            155          3.0530e-03
            156          3.0350e-03
            157          3.0052e-03
            158          2.9786e-03
            159          2.9647e-03
            160          2.9573e-03
            161          2.9260e-03
            162          2.9036e-03
            163          2.8987e-03
            164          2.8642e-03
            165          2.8467e-03
            166          2.8302e-03
            167          2.8319e-03
            168          2.7914e-03
            169          2.7587e-03
            170          2.7571e-03
            171          2.7530e-03
            172          2.7180e-03
            173          2.6889e-03
            174          2.6876e-03
            175          2.6544e-03
            176          2.6504e-03
            177          2.6384e-03
            178          2.6141e-03
            179          2.5931e-03
            180          2.5838e-03
            181          2.5663e-03
            182          2.5470e-03
            183          2.5370e-03
            184          2.5083e-03
            185          2.5092e-03
            186          2.4849e-03
            187          2.4592e-03
            188          2.4531e-03
            189          2.4415e-03
            190          2.4166e-03
            191          2.4117e-03
            192          2.3988e-03
            193          2.3930e-03
            194          2.3821e-03
            195          2.3534e-03
            196          2.3454e-03
            197          2.3367e-03
            198          2.3192e-03
            199          2.3082e-03
            200          2.2875e-03
            201          2.2791e-03
            202          2.2763e-03
            203          2.2478e-03
            204          2.2420e-03
            205          2.2360e-03
            206          2.2325e-03
            207          2.1966e-03
            208          2.1862e-03
            209          2.1860e-03
            210          2.1677e-03
            211          2.1737e-03
            212          2.1560e-03
            213          2.1451e-03
            214          2.1378e-03
            215          2.1296e-03
            216          2.1010e-03
            217          2.1048e-03
            218          2.0872e-03
            219          2.0774e-03
            220          2.0742e-03
            221          2.0611e-03
            222          2.0526e-03
            223          2.0409e-03
            224          2.0281e-03
            225          2.0134e-03
            226          2.0069e-03
            227          1.9984e-03
            228          2.0054e-03
            229          1.9776e-03
            230          1.9752e-03
            231          1.9642e-03
            232          1.9553e-03
            233          1.9523e-03
            234          1.9347e-03
            235          1.9161e-03
            236          1.9203e-03
            237          1.9076e-03
            238          1.9074e-03
            239          1.8923e-03
            240          1.8857e-03
            241          1.8803e-03
            242          1.8745e-03
            243          1.8687e-03
            244          1.8514e-03
            245          1.8436e-03
            246          1.8404e-03
            247          1.8302e-03
            248          1.8216e-03
            249          1.8120e-03
            250          1.8107e-03
            251          1.7983e-03
            252          1.7936e-03
            253          1.7859e-03
            254          1.7780e-03
            255          1.7732e-03
            256          1.7654e-03
            257          1.7584e-03
            258          1.7444e-03
            259          1.7489e-03
            260          1.7399e-03
            261          1.7329e-03
            262          1.7210e-03
            263          1.7228e-03
            264          1.7196e-03
            265          1.7067e-03
            266          1.6989e-03
            267          1.6909e-03
            268          1.6894e-03
            269          1.6766e-03
            270          1.6748e-03
            271          1.6687e-03
            272          1.6730e-03
            273          1.6526e-03
            274          1.6475e-03
            275          1.6443e-03
            276          1.6375e-03
            277          1.6356e-03
            278          1.6273e-03
            279          1.6247e-03
            280          1.6139e-03
            281          1.6069e-03
            282          1.5947e-03
            283          1.5942e-03
            284          1.5927e-03
            285          1.5813e-03
            286          1.5762e-03
            287          1.5702e-03
            288          1.5704e-03
            289          1.5586e-03
            290          1.5594e-03
            291          1.5562e-03
            292          1.5432e-03
            293          1.5410e-03
            294          1.5344e-03
            295          1.5293e-03
            296          1.5235e-03
            297          1.5178e-03
            298          1.5197e-03
            299          1.5172e-03
            300          1.5089e-03
            301          1.5041e-03
            302          1.4972e-03
            303          1.4941e-03
            304          1.4870e-03
            305          1.4862e-03
            306          1.4795e-03
            307          1.4726e-03
            308          1.4749e-03
            309          1.4680e-03
            310          1.4646e-03
            311          1.4618e-03
            312          1.4524e-03
            313          1.4478e-03
            314          1.4445e-03
            315          1.4367e-03
            316          1.4350e-03
            317          1.4361e-03
            318          1.4347e-03
            319          1.4228e-03
            320          1.4215e-03
            321          1.4163e-03
            322          1.4091e-03
            323          1.3984e-03
            324          1.3986e-03
            325          1.4009e-03
            326          1.3937e-03
            327          1.3898e-03
            328          1.3890e-03
            329          1.3860e-03
            330          1.3810e-03
            331          1.3727e-03
            332          1.3726e-03
            333          1.3667e-03
            334          1.3613e-03
            335          1.3573e-03
            336          1.3549e-03
            337          1.3528e-03
            338          1.3455e-03
            339          1.3446e-03
            340          1.3359e-03
            341          1.3293e-03
            342          1.3349e-03
            343          1.3317e-03
            344          1.3274e-03
            345          1.3255e-03
            346          1.3209e-03
            347          1.3153e-03
            348          1.3064e-03
            349          1.3047e-03
            350          1.3052e-03
            351          1.3007e-03
            352          1.2993e-03
            353          1.2900e-03
            354          1.2885e-03
            355          1.2816e-03
            356          1.2821e-03
            357          1.2763e-03
            358          1.2741e-03
            359          1.2730e-03
            360          1.2647e-03
            361          1.2596e-03
            362          1.2621e-03
            363          1.2651e-03
            364          1.2566e-03
            365          1.2484e-03
            366          1.2587e-03
            367          1.2503e-03
            368          1.2438e-03
            369          1.2411e-03
            370          1.2366e-03
            371          1.2257e-03
            372          1.2302e-03
            373          1.2314e-03
            374          1.2216e-03
            375          1.2235e-03
            376          1.2199e-03
            377          1.2152e-03
            378          1.2160e-03
            379          1.2094e-03
            380          1.2052e-03
            381          1.2097e-03
            382          1.2047e-03
            383          1.2050e-03
            384          1.1979e-03
            385          1.1994e-03
            386          1.1965e-03
            387          1.1987e-03
            388          1.1844e-03
            389          1.1844e-03
            390          1.1789e-03
            391          1.1706e-03
            392          1.1738e-03
            393          1.1738e-03
            394          1.1677e-03
            395          1.1629e-03
            396          1.1613e-03
            397          1.1590e-03
            398          1.1506e-03
            399          1.1511e-03
            400          1.1550e-03
            401          1.1495e-03
            402          1.1453e-03
            403          1.1410e-03
            404          1.1376e-03
            405          1.1338e-03
            406          1.1363e-03
            407          1.1337e-03
            408          1.1285e-03
            409          1.1264e-03
            410          1.1232e-03
            411          1.1174e-03
            412          1.1231e-03
            413          1.1227e-03
            414          1.1149e-03
            415          1.1115e-03
            416          1.1053e-03
            417          1.1086e-03
            418          1.1082e-03
            419          1.1006e-03
            420          1.0981e-03
            421          1.0965e-03
            422          1.0967e-03
            423          1.0922e-03
            424          1.0898e-03
            425          1.0901e-03
            426          1.0834e-03
            427          1.0850e-03
            428          1.0781e-03
            429          1.0773e-03
            430          1.0756e-03
            431          1.0766e-03
            432          1.0752e-03
            433          1.0724e-03
            434          1.0711e-03
            435          1.0650e-03
            436          1.0657e-03
            437          1.0629e-03
            438          1.0578e-03
            439          1.0547e-03
            440          1.0580e-03
            441          1.0498e-03
            442          1.0496e-03
            443          1.0414e-03
            444          1.0402e-03
            445          1.0418e-03
            446          1.0396e-03
            447          1.0399e-03
            448          1.0386e-03
            449          1.0321e-03
            450          1.0326e-03
            451          1.0317e-03
            452          1.0246e-03
            453          1.0213e-03
            454          1.0217e-03
            455          1.0223e-03
            456          1.0201e-03
            457          1.0184e-03
            458          1.0186e-03
            459          1.0142e-03
            460          1.0088e-03
            461          1.0088e-03
            462          1.0034e-03
            463          1.0051e-03
            464          1.0048e-03
            465          1.0004e-03
            466          9.9983e-04
            467          9.9811e-04
            468          9.9393e-04
            469          9.9186e-04
            470          9.8937e-04
            471          9.9036e-04
            472          9.8876e-04
            473          9.8335e-04
            474          9.8599e-04
            475          9.8635e-04
            476          9.8308e-04
            477          9.8035e-04
            478          9.7370e-04
            479          9.7210e-04
            480          9.6897e-04
            481          9.6861e-04
            482          9.6668e-04
            483          9.6316e-04
            484          9.6165e-04
            485          9.5974e-04
            486          9.5882e-04
            487          9.5772e-04
            488          9.5670e-04
            489          9.5216e-04
            490          9.5120e-04
            491          9.4990e-04
            492          9.4517e-04
            493          9.4831e-04
            494          9.4478e-04
            495          9.4162e-04
            496          9.3872e-04
            497          9.4098e-04
            498          9.3897e-04
            499          9.3458e-04
            500          9.3442e-04
            501          9.3268e-04
            502          9.3367e-04
            503          9.2708e-04
            504          9.2976e-04
            505          9.2901e-04
            506          9.1929e-04
            507          9.2284e-04
            508          9.1904e-04
            509          9.1821e-04
            510          9.1815e-04
            511          9.1909e-04
            512          9.1566e-04
            513          9.1363e-04
            514          9.0475e-04
            515          9.0864e-04
            516          9.0671e-04
            517          9.0506e-04
            518          9.0517e-04
            519          9.0386e-04
            520          8.9931e-04
            521          8.9990e-04
            522          8.9799e-04
            523          8.9593e-04
            524          8.9404e-04
            525          8.8897e-04
            526          8.8930e-04
            527          8.8833e-04
            528          8.8510e-04
            529          8.8271e-04
            530          8.7657e-04
            531          8.8104e-04
            532          8.8041e-04
            533          8.7460e-04
            534          8.7415e-04
            535          8.7498e-04
            536          8.6926e-04
            537          8.6982e-04
            538          8.7012e-04
            539          8.7065e-04
            540          8.6835e-04
            541          8.6742e-04
            542          8.6297e-04
            543          8.6386e-04
            544          8.6421e-04
            545          8.6163e-04
            546          8.5699e-04
            547          8.5672e-04
            548          8.5733e-04
            549          8.5387e-04
            550          8.4925e-04
            551          8.5095e-04
            552          8.4583e-04
            553          8.4686e-04
            554          8.4694e-04
            555          8.4477e-04
            556          8.4529e-04
            557          8.4398e-04
            558          8.3883e-04
            559          8.3445e-04
            560          8.3696e-04
            561          8.3697e-04
            562          8.3360e-04
            563          8.3181e-04
            564          8.3139e-04
            565          8.3055e-04
            566          8.2611e-04
            567          8.2837e-04
            568          8.2533e-04
            569          8.2323e-04
            570          8.2530e-04
            571          8.2686e-04
            572          8.2149e-04
            573          8.1576e-04
            574          8.1560e-04
            575          8.1670e-04
            576          8.1381e-04
            577          8.1382e-04
            578          8.1136e-04
            579          8.0958e-04
            580          8.0749e-04
            581          8.0553e-04
            582          8.0778e-04
            583          8.0732e-04
            584          8.0450e-04
            585          8.0300e-04
            586          7.9850e-04
            587          8.0187e-04
            588          7.9578e-04
            589          7.9698e-04
            590          7.9397e-04
            591          7.9315e-04
            592          7.9038e-04
            593          7.9159e-04
            594          7.9110e-04
            595          7.8595e-04
            596          7.8977e-04
            597          7.8432e-04
            598          7.8501e-04
            599          7.8479e-04
            600          7.8202e-04
            601          7.8167e-04
            602          7.7925e-04
            603          7.8020e-04
            604          7.7505e-04
            605          7.7494e-04
            606          7.7232e-04
            607          7.7225e-04
            608          7.7107e-04
            609          7.7250e-04
            610          7.6712e-04
            611          7.6769e-04
            612          7.6697e-04
            613          7.6176e-04
            614          7.6282e-04
            615          7.6257e-04
            616          7.6067e-04
            617          7.5953e-04
            618          7.6060e-04
            619          7.5949e-04
            620          7.5471e-04
            621          7.5448e-04
            622          7.5341e-04
            623          7.5114e-04
            624          7.4983e-04
            625          7.4823e-04
            626          7.4972e-04
            627          7.4474e-04
            628          7.4989e-04
            629          7.4583e-04
            630          7.4852e-04
            631          7.4573e-04
            632          7.4045e-04
            633          7.4249e-04
            634          7.4074e-04
            635          7.3935e-04
            636          7.3726e-04
            637          7.3955e-04
            638          7.3345e-04
            639          7.3248e-04
            640          7.3003e-04
            641          7.3125e-04
            642          7.2892e-04
            643          7.3166e-04
            644          7.2645e-04
            645          7.2715e-04
            646          7.2836e-04
            647          7.2479e-04
            648          7.2471e-04
            649          7.2273e-04
            650          7.2409e-04
            651          7.2287e-04
            652          7.1985e-04
            653          7.2040e-04
            654          7.2167e-04
            655          7.1534e-04
            656          7.1172e-04
            657          7.1379e-04
            658          7.1509e-04
            659          7.1065e-04
            660          7.1100e-04
            661          7.1332e-04
            662          7.0952e-04
            663          7.0787e-04
            664          7.0844e-04
            665          7.0557e-04
            666          7.0201e-04
            667          7.0527e-04
            668          6.9899e-04
            669          6.9915e-04
            670          7.0225e-04
            671          6.9825e-04
            672          6.9908e-04
            673          6.9787e-04
            674          6.9695e-04
            675          6.9499e-04
            676          6.9288e-04
            677          6.9448e-04
            678          6.9059e-04
            679          6.9097e-04
            680          6.9056e-04
            681          6.9039e-04
            682          6.8391e-04
            683          6.8648e-04
            684          6.8447e-04
            685          6.8495e-04
            686          6.8576e-04
            687          6.8639e-04
            688          6.8347e-04
            689          6.8198e-04
            690          6.7708e-04
            691          6.7813e-04
            692          6.7568e-04
            693          6.7684e-04
            694          6.7487e-04
            695          6.7503e-04
            696          6.7375e-04
            697          6.7379e-04
            698          6.7239e-04
            699          6.6938e-04
            700          6.6995e-04
            701          6.7039e-04
            702          6.6998e-04
            703          6.6629e-04
            704          6.6719e-04
            705          6.6660e-04
            706          6.6639e-04
            707          6.6466e-04
            708          6.6141e-04
            709          6.6002e-04
            710          6.6108e-04
            711          6.5760e-04
            712          6.5881e-04
            713          6.5531e-04
            714          6.5709e-04
            715          6.5592e-04
            716          6.5669e-04
            717          6.5374e-04
            718          6.5279e-04
            719          6.4972e-04
            720          6.4718e-04
            721          6.5072e-04
            722          6.4935e-04
            723          6.5037e-04
            724          6.4512e-04
            725          6.4636e-04
            726          6.4515e-04
            727          6.4426e-04
            728          6.4224e-04
            729          6.4188e-04
            730          6.4089e-04
            731          6.4118e-04
            732          6.3819e-04
            733          6.3913e-04
            734          6.3693e-04
            735          6.3788e-04
            736          6.3735e-04
            737          6.3505e-04
            738          6.3264e-04
            739          6.3516e-04
            740          6.3386e-04
            741          6.3419e-04
            742          6.3397e-04
            743          6.2942e-04
            744          6.3186e-04
            745          6.3067e-04
            746          6.2957e-04
            747          6.2473e-04
            748          6.2815e-04
            749          6.2749e-04
            750          6.2377e-04
            751          6.2582e-04
            752          6.2334e-04
            753          6.2098e-04
            754          6.1976e-04
            755          6.2043e-04
            756          6.1971e-04
            757          6.2349e-04
            758          6.1777e-04
            759          6.1632e-04
            760          6.1364e-04
            761          6.1613e-04
            762          6.1282e-04
            763          6.1576e-04
            764          6.1503e-04
            765          6.1252e-04
            766          6.1101e-04
            767          6.0972e-04
            768          6.1079e-04
            769          6.0841e-04
            770          6.0952e-04
            771          6.0688e-04
            772          6.0753e-04
            773          6.0636e-04
            774          6.0658e-04
            775          6.0286e-04
            776          6.0521e-04
            777          6.0103e-04
            778          6.0345e-04
            779          6.0300e-04
            780          5.9919e-04
            781          5.9800e-04
            782          5.9949e-04
            783          5.9496e-04
            784          5.9544e-04
            785          5.9740e-04
            786          5.9831e-04
            787          5.9449e-04
            788          5.9466e-04
            789          5.9476e-04
            790          5.9398e-04
            791          5.9276e-04
            792          5.9096e-04
            793          5.9100e-04
            794          5.8921e-04
            795          5.8752e-04
            796          5.8738e-04
            797          5.9068e-04
            798          5.8719e-04
            799          5.8737e-04
            800          5.8422e-04
            801          5.8088e-04
            802          5.8108e-04
            803          5.8323e-04
            804          5.8156e-04
            805          5.8195e-04
            806          5.7757e-04
            807          5.7969e-04
            808          5.8010e-04
            809          5.7976e-04
            810          5.7613e-04
            811          5.7669e-04
            812          5.7703e-04
            813          5.7521e-04
            814          5.7227e-04
            815          5.7403e-04
            816          5.7346e-04
            817          5.7477e-04
            818          5.7238e-04
            819          5.7198e-04
            820          5.6939e-04
            821          5.6932e-04
            822          5.6847e-04
            823          5.6540e-04
            824          5.6636e-04
            825          5.6621e-04
            826          5.6732e-04
            827          5.6577e-04
            828          5.6662e-04
            829          5.6550e-04
            830          5.6394e-04
            831          5.6200e-04
            832          5.6225e-04
            833          5.6324e-04
            834          5.6126e-04
            835          5.6036e-04
            836          5.5846e-04
            837          5.5850e-04
            838          5.5874e-04
            839          5.5887e-04
            840          5.5844e-04
            841          5.5555e-04
            842          5.5274e-04
            843          5.5367e-04
            844          5.5524e-04
            845          5.5476e-04
            846          5.5113e-04
            847          5.5152e-04
            848          5.5336e-04
            849          5.4917e-04
            850          5.5125e-04
            851          5.5058e-04
            852          5.4982e-04
            853          5.4741e-04
            854          5.4786e-04
            855          5.4474e-04
            856          5.4732e-04
            857          5.4645e-04
            858          5.4367e-04
            859          5.4260e-04
            860          5.4481e-04
            861          5.4062e-04
            862          5.4117e-04
            863          5.4217e-04
            864          5.3854e-04
            865          5.3881e-04
            866          5.3979e-04
            867          5.3672e-04
            868          5.3673e-04
            869          5.3588e-04
            870          5.3520e-04
            871          5.3463e-04
            872          5.3747e-04
            873          5.3508e-04
            874          5.3578e-04
            875          5.3313e-04
            876          5.3579e-04
            877          5.3590e-04
            878          5.3238e-04
            879          5.3079e-04
            880          5.3276e-04
            881          5.2877e-04
            882          5.2822e-04
            883          5.3087e-04
            884          5.2983e-04
            885          5.2906e-04
            886          5.2622e-04
            887          5.2514e-04
            888          5.2751e-04
            889          5.2545e-04
            890          5.2533e-04
            891          5.2647e-04
            892          5.2303e-04
            893          5.2248e-04
            894          5.2182e-04
            895          5.2169e-04
            896          5.2225e-04
            897          5.1872e-04
            898          5.2070e-04
            899          5.1786e-04
            900          5.1569e-04
            901          5.1654e-04
            902          5.1707e-04
            903          5.1469e-04
            904          5.1593e-04
            905          5.1689e-04
            906          5.1547e-04
            907          5.1407e-04
            908          5.1420e-04
            909          5.1304e-04
            910          5.1139e-04
            911          5.1139e-04
            912          5.1274e-04
            913          5.0910e-04
            914          5.1350e-04
            915          5.0972e-04
            916          5.1103e-04
            917          5.0948e-04
            918          5.1049e-04
            919          5.0780e-04
            920          5.0851e-04
            921          5.0769e-04
            922          5.0553e-04
            923          5.0751e-04
            924          5.0603e-04
            925          5.0385e-04
            926          5.0476e-04
            927          5.0295e-04
            928          5.0365e-04
            929          5.0483e-04
            930          5.0281e-04
            931          5.0086e-04
            932          4.9948e-04
            933          5.0237e-04
            934          5.0161e-04
            935          5.0222e-04
            936          5.0005e-04
            937          4.9937e-04
            938          4.9980e-04
            939          4.9627e-04
            940          4.9570e-04
            941          4.9510e-04
            942          4.9583e-04
            943          4.9541e-04
            944          4.9681e-04
            945          4.9417e-04
            946          4.9281e-04
            947          4.9405e-04
            948          4.9301e-04
            949          4.9274e-04
            950          4.9378e-04
            951          4.9186e-04
            952          4.9127e-04
            953          4.9250e-04
            954          4.8949e-04
            955          4.8892e-04
            956          4.8771e-04
            957          4.8774e-04
            958          4.8804e-04
            959          4.8740e-04
            960          4.8542e-04
            961          4.8639e-04
            962          4.8614e-04
            963          4.8528e-04
            964          4.8703e-04
            965          4.8317e-04
            966          4.8193e-04
            967          4.8331e-04
            968          4.8537e-04
            969          4.8527e-04
            970          4.8070e-04
            971          4.8007e-04
            972          4.8071e-04
            973          4.7846e-04
            974          4.7989e-04
            975          4.7819e-04
            976          4.8020e-04
            977          4.8124e-04
            978          4.7697e-04
            979          4.7722e-04
            980          4.7372e-04
            981          4.7605e-04
            982          4.7564e-04
            983          4.7575e-04
            984          4.7596e-04
            985          4.7558e-04
            986          4.7641e-04
            987          4.7493e-04
            988          4.7274e-04
            989          4.7184e-04
            990          4.7296e-04
            991          4.7175e-04
            992          4.7044e-04
            993          4.7273e-04
            994          4.7062e-04
            995          4.6919e-04
            996          4.6931e-04
            997          4.6807e-04
            998          4.6771e-04
            999          4.6772e-04
           1000          4.6726e-04
