              0          1.0000e+00
              1          3.1166e-01
              2          2.0282e-01
              3          1.4700e-01
              4          1.1331e-01
              5          9.1117e-02
              6          7.6088e-02
              7          6.4398e-02
              8          5.5960e-02
              9          4.9263e-02
             10          4.3867e-02
             11          3.9484e-02
             12          3.6277e-02
             13          3.3218e-02
             14          3.0781e-02
             15          2.8793e-02
             16          2.6801e-02
             17          2.5348e-02
             18          2.3857e-02
             19          2.2756e-02
             20          2.1685e-02
             21          2.0606e-02
             22          1.9713e-02
             23          1.9076e-02
             24          1.8290e-02
             25          1.7583e-02
             26          1.6971e-02
             27          1.6389e-02
             28          1.5866e-02
             29          1.5441e-02
             30          1.4949e-02
             31          1.4493e-02
             32          1.4106e-02
             33          1.3728e-02
             34          1.3371e-02
             35          1.3047e-02
             36          1.2743e-02
             37          1.2448e-02
             38          1.2223e-02
             39          1.1859e-02
             40          1.1613e-02
             41          1.1439e-02
             42          1.1132e-02
             43          1.0892e-02
             44          1.0690e-02
             45          1.0426e-02
             46          1.0331e-02
             47          1.0067e-02
             48          9.9283e-03
             49          9.7551e-03
             50          9.5450e-03
             51          9.4192e-03
             52          9.2579e-03
             53          9.1289e-03
             54          8.9276e-03
             55          8.7785e-03
             56          8.6313e-03
             57          8.5042e-03
             58          8.3953e-03
             59          8.2237e-03
             60          8.1152e-03
             61          8.0659e-03
             62          7.9049e-03
             63          7.7914e-03
             64          7.7067e-03
             65          7.5927e-03
             66          7.4830e-03
             67          7.3625e-03
             68          7.2872e-03
             69          7.1706e-03
             70          7.0644e-03
             71          6.9126e-03
             72          6.8250e-03
             73          6.7659e-03
             74          6.6483e-03
             75          6.5938e-03
             76          6.5173e-03
             77          6.4489e-03
             78          6.3766e-03
             79          6.3183e-03
             80          6.2263e-03
             81          6.1330e-03
             82          6.0837e-03
             83          6.0002e-03
             84          5.9731e-03
             85          5.8912e-03
             86          5.8648e-03
             87          5.7589e-03
             88          5.6767e-03
             89          5.6103e-03
             90          5.5329e-03
             91          5.4631e-03
             92          5.4029e-03
             93          5.3379e-03
             94          5.2932e-03
             95          5.2314e-03
             96          5.1576e-03
             97          5.1174e-03
             98          5.1148e-03
             99          5.0517e-03
            100          4.9971e-03
            101          4.8865e-03
            102          4.9000e-03
            103          4.8180e-03
            104          4.7744e-03
            105          4.6973e-03
            106          4.6770e-03
            107          4.5799e-03
            108          4.5693e-03
            109          4.5276e-03
            110          4.4920e-03
            111          4.4831e-03
            112          4.4477e-03
            113          4.3845e-03
            114          4.3258e-03
            115          4.2880e-03
            116          4.2494e-03
            117          4.2196e-03
            118          4.1749e-03
            119          4.1181e-03
            120          4.0786e-03
            121          4.0671e-03
            122          4.0403e-03
            123          3.9707e-03
            124          3.9409e-03
            125          3.9022e-03
            126          3.8520e-03
            127          3.8504e-03
            128          3.8066e-03
            129          3.7752e-03
            130          3.7519e-03
            131          3.7100e-03
            132          3.6863e-03
            133          3.6548e-03
            134          3.6270e-03
            135          3.5848e-03
            136          3.5388e-03
            137          3.5125e-03
            138          3.5011e-03
            139          3.4836e-03
            140          3.4290e-03
            141          3.4134e-03
            142          3.3725e-03
            143          3.3576e-03
            144          3.3209e-03
            145          3.3196e-03
            146          3.2893e-03
            147          3.2654e-03
            148          3.2204e-03
            149          3.2026e-03
            150          3.1899e-03
            151          3.1549e-03
            152          3.1342e-03
            153          3.1176e-03
            154          3.0609e-03
            155          3.0634e-03
            156          3.0279e-03
            157          3.0084e-03
            158          2.9877e-03
            159          2.9689e-03
            160          2.9430e-03
            161          2.9363e-03
            162          2.9372e-03
            163          2.9009e-03
            164          2.8838e-03
            165          2.8551e-03
            166          2.8442e-03
            167          2.8211e-03
            168          2.7873e-03
            169          2.7832e-03
            170          2.7548e-03
            171          2.7545e-03
            172          2.7277e-03
            173          2.7009e-03
            174          2.6832e-03
            175          2.6779e-03
            176          2.6446e-03
            177          2.6286e-03
            178          2.6204e-03
            179          2.5985e-03
            180          2.5863e-03
            181          2.5727e-03
            182          2.5541e-03
            183          2.5363e-03
            184          2.5150e-03
            185          2.5178e-03
            186          2.5039e-03
            187          2.4800e-03
            188          2.4663e-03
            189          2.4600e-03
            190          2.4240e-03
            191          2.4177e-03
            192          2.4185e-03
            193          2.3922e-03
            194          2.3945e-03
            195          2.3664e-03
            196          2.3495e-03
            197          2.3425e-03
            198          2.3395e-03
            199          2.3110e-03
            200          2.3093e-03
            201          2.2968e-03
            202          2.2715e-03
            203          2.2637e-03
            204          2.2499e-03
            205          2.2313e-03
            206          2.2317e-03
            207          2.2223e-03
            208          2.2071e-03
            209          2.1935e-03
            210          2.1718e-03
            211          2.1588e-03
            212          2.1525e-03
            213          2.1492e-03
            214          2.1298e-03
            215          2.1220e-03
            216          2.1251e-03
            217          2.1083e-03
            218          2.0969e-03
            219          2.0864e-03
            220          2.0825e-03
            221          2.0722e-03
            222          2.0582e-03
            223          2.0468e-03
            224          2.0311e-03
            225          2.0223e-03
            226          2.0124e-03
            227          2.0099e-03
            228          2.0032e-03
            229          1.9859e-03
            230          1.9841e-03
            231          1.9680e-03
            232          1.9567e-03
            233          1.9554e-03
            234          1.9387e-03
            235          1.9400e-03
            236          1.9254e-03
            237          1.9230e-03
            238          1.9131e-03
            239          1.8941e-03
            240          1.8905e-03
            241          1.8816e-03
            242          1.8762e-03
            243          1.8690e-03
            244          1.8533e-03
            245          1.8461e-03
            246          1.8404e-03
            247          1.8424e-03
            248          1.8299e-03
            249          1.8279e-03
            250          1.8197e-03
            251          1.8129e-03
            252          1.8007e-03
            253          1.7974e-03
            254          1.7939e-03
            255          1.7825e-03
            256          1.7629e-03
            257          1.7540e-03
            258          1.7546e-03
            259          1.7548e-03
            260          1.7385e-03
            261          1.7388e-03
            262          1.7296e-03
            263          1.7212e-03
            264          1.7164e-03
            265          1.6993e-03
            266          1.7002e-03
            267          1.7039e-03
            268          1.6883e-03
            269          1.6872e-03
            270          1.6751e-03
            271          1.6732e-03
            272          1.6575e-03
            273          1.6659e-03
            274          1.6595e-03
            275          1.6479e-03
            276          1.6397e-03
            277          1.6365e-03
            278          1.6312e-03
            279          1.6290e-03
            280          1.6185e-03
            281          1.6067e-03
            282          1.6049e-03
            283          1.6087e-03
            284          1.6021e-03
            285          1.5911e-03
            286          1.5808e-03
            287          1.5787e-03
            288          1.5743e-03
            289          1.5681e-03
            290          1.5656e-03
            291          1.5626e-03
            292          1.5488e-03
            293          1.5519e-03
            294          1.5420e-03
            295          1.5409e-03
            296          1.5351e-03
            297          1.5276e-03
            298          1.5207e-03
            299          1.5208e-03
            300          1.5143e-03
            301          1.5029e-03
            302          1.5021e-03
            303          1.5053e-03
            304          1.4923e-03
            305          1.4902e-03
            306          1.4817e-03
            307          1.4802e-03
            308          1.4806e-03
            309          1.4688e-03
            310          1.4663e-03
            311          1.4617e-03
            312          1.4561e-03
            313          1.4500e-03
            314          1.4457e-03
            315          1.4486e-03
            316          1.4406e-03
            317          1.4379e-03
            318          1.4300e-03
            319          1.4260e-03
            320          1.4299e-03
            321          1.4224e-03
            322          1.4166e-03
            323          1.4184e-03
            324          1.4053e-03
            325          1.4091e-03
            326          1.4013e-03
            327          1.3933e-03
            328          1.3854e-03
            329          1.3807e-03
            330          1.3792e-03
            331          1.3800e-03
            332          1.3745e-03
            333          1.3662e-03
            334          1.3614e-03
            335          1.3551e-03
            336          1.3658e-03
            337          1.3619e-03
            338          1.3482e-03
            339          1.3488e-03
            340          1.3450e-03
            341          1.3407e-03
            342          1.3386e-03
            343          1.3312e-03
            344          1.3297e-03
            345          1.3177e-03
            346          1.3233e-03
            347          1.3166e-03
            348          1.3133e-03
            349          1.3119e-03
            350          1.3059e-03
            351          1.3006e-03
            352          1.3039e-03
            353          1.2969e-03
            354          1.2945e-03
            355          1.2871e-03
            356          1.2853e-03
            357          1.2797e-03
            358          1.2806e-03
            359          1.2821e-03
            360          1.2754e-03
            361          1.2765e-03
            362          1.2652e-03
            363          1.2623e-03
            364          1.2636e-03
            365          1.2622e-03
            366          1.2532e-03
            367          1.2552e-03
            368          1.2471e-03
            369          1.2508e-03
            370          1.2468e-03
            371          1.2401e-03
            372          1.2390e-03
            373          1.2367e-03
            374          1.2292e-03
            375          1.2288e-03
            376          1.2199e-03
            377          1.2253e-03
            378          1.2162e-03
            379          1.2174e-03
            380          1.2169e-03
            381          1.2155e-03
            382          1.2059e-03
            383          1.2013e-03
            384          1.2012e-03
            385          1.1948e-03
            386          1.1943e-03
            387          1.1913e-03
            388          1.1845e-03
            389          1.1854e-03
            390          1.1788e-03
            391          1.1826e-03
            392          1.1818e-03
            393          1.1759e-03
            394          1.1781e-03
            395          1.1709e-03
            396          1.1609e-03
            397          1.1625e-03
            398          1.1635e-03
            399          1.1660e-03
            400          1.1587e-03
            401          1.1526e-03
            402          1.1450e-03
            403          1.1481e-03
            404          1.1477e-03
            405          1.1479e-03
            406          1.1427e-03
            407          1.1404e-03
            408          1.1423e-03
            409          1.1337e-03
            410          1.1378e-03
            411          1.1251e-03
            412          1.1246e-03
            413          1.1269e-03
            414          1.1212e-03
            415          1.1153e-03
            416          1.1186e-03
            417          1.1148e-03
            418          1.1151e-03
            419          1.1106e-03
            420          1.1077e-03
            421          1.1014e-03
            422          1.0975e-03
            423          1.0937e-03
            424          1.0959e-03
            425          1.0956e-03
            426          1.0867e-03
            427          1.0883e-03
            428          1.0859e-03
            429          1.0880e-03
            430          1.0819e-03
            431          1.0752e-03
            432          1.0742e-03
            433          1.0747e-03
            434          1.0713e-03
            435          1.0731e-03
            436          1.0665e-03
            437          1.0618e-03
            438          1.0616e-03
            439          1.0624e-03
            440          1.0584e-03
            441          1.0567e-03
            442          1.0512e-03
            443          1.0506e-03
            444          1.0486e-03
            445          1.0478e-03
            446          1.0441e-03
            447          1.0395e-03
            448          1.0382e-03
            449          1.0358e-03
            450          1.0395e-03
            451          1.0371e-03
            452          1.0313e-03
            453          1.0314e-03
            454          1.0238e-03
            455          1.0244e-03
            456          1.0218e-03
            457          1.0212e-03
            458          1.0214e-03
            459          1.0147e-03
            460          1.0136e-03
            461          1.0117e-03
            462          1.0072e-03
            463          1.0100e-03
            464          1.0094e-03
            465          1.0074e-03
            466          1.0067e-03
            467          1.0054e-03
            468          1.0008e-03
            469          9.9865e-04
            470          9.9350e-04
            471          9.9397e-04
            472          9.9156e-04
            473          9.8765e-04
            474          9.8861e-04
            475          9.8588e-04
            476          9.8186e-04
            477          9.8249e-04
            478          9.7994e-04
            479          9.7581e-04
            480          9.7627e-04
            481          9.7422e-04
            482          9.7164e-04
            483          9.6645e-04
            484          9.6551e-04
            485          9.6833e-04
            486          9.6776e-04
            487          9.5845e-04
            488          9.5898e-04
            489          9.5947e-04
            490          9.5434e-04
            491          9.5327e-04
            492          9.5080e-04
            493          9.5449e-04
            494          9.5037e-04
            495          9.4080e-04
            496          9.4237e-04
            497          9.4334e-04
            498          9.4509e-04
            499          9.3964e-04
            500          9.4019e-04
            501          9.3702e-04
            502          9.3672e-04
            503          9.3440e-04
            504          9.2768e-04
            505          9.2729e-04
            506          9.2620e-04
            507          9.2469e-04
            508          9.2357e-04
            509          9.2190e-04
            510          9.1846e-04
            511          9.1848e-04
            512          9.1976e-04
            513          9.1155e-04
            514          9.1533e-04
            515          9.1143e-04
            516          9.1091e-04
            517          9.1109e-04
            518          9.0732e-04
            519          9.0707e-04
            520          9.0314e-04
            521          9.0377e-04
            522          8.9911e-04
            523          9.0067e-04
            524          8.9796e-04
            525          8.9356e-04
            526          8.9556e-04
            527          8.8998e-04
            528          8.8960e-04
            529          8.8772e-04
            530          8.8230e-04
            531          8.8499e-04
            532          8.8370e-04
            533          8.8319e-04
            534          8.8129e-04
            535          8.7777e-04
            536          8.7928e-04
            537          8.7567e-04
            538          8.7649e-04
            539          8.7186e-04
            540          8.7198e-04
            541          8.7115e-04
            542          8.6704e-04
            543          8.6725e-04
            544          8.6152e-04
            545          8.6334e-04
            546          8.6534e-04
            547          8.6093e-04
            548          8.6155e-04
            549          8.5737e-04
            550          8.5348e-04
            551          8.5277e-04
            552          8.5453e-04
            553          8.4795e-04
            554          8.4757e-04
            555          8.4721e-04
            556          8.4649e-04
            557          8.4731e-04
            558          8.4614e-04
            559          8.4764e-04
            560          8.4251e-04
            561          8.4195e-04
            562          8.3907e-04
            563          8.4045e-04
            564          8.3399e-04
            565          8.3215e-04
            566          8.3143e-04
            567          8.3295e-04
            568          8.2747e-04
            569          8.2844e-04
            570          8.2575e-04
            571          8.2780e-04
            572          8.2457e-04
            573          8.2116e-04
            574          8.2252e-04
            575          8.2366e-04
            576          8.1938e-04
            577          8.1781e-04
            578          8.1485e-04
            579          8.1295e-04
            580          8.1513e-04
            581          8.1001e-04
            582          8.1021e-04
            583          8.0994e-04
            584          8.0875e-04
            585          8.0868e-04
            586          8.0640e-04
            587          8.0106e-04
            588          8.0385e-04
            589          7.9889e-04
            590          8.0157e-04
            591          7.9953e-04
            592          7.9585e-04
            593          7.9267e-04
            594          7.9414e-04
            595          7.9175e-04
            596          7.9068e-04
            597          7.9342e-04
            598          7.8700e-04
            599          7.8630e-04
            600          7.8565e-04
            601          7.8568e-04
            602          7.8458e-04
            603          7.8082e-04
            604          7.8269e-04
            605          7.8152e-04
            606          7.7645e-04
            607          7.7556e-04
            608          7.7869e-04
            609          7.7370e-04
            610          7.7265e-04
            611          7.7180e-04
            612          7.7220e-04
            613          7.7148e-04
            614          7.7043e-04
            615          7.6829e-04
            616          7.6594e-04
            617          7.6505e-04
            618          7.6295e-04
            619          7.5950e-04
            620          7.5866e-04
            621          7.6004e-04
            622          7.5826e-04
            623          7.5489e-04
            624          7.5464e-04
            625          7.5526e-04
            626          7.5572e-04
            627          7.5115e-04
            628          7.4763e-04
            629          7.5102e-04
            630          7.4770e-04
            631          7.4837e-04
            632          7.4753e-04
            633          7.4589e-04
            634          7.4446e-04
            635          7.4838e-04
            636          7.4304e-04
            637          7.4103e-04
            638          7.3944e-04
            639          7.3468e-04
            640          7.3746e-04
            641          7.3517e-04
            642          7.3693e-04
            643          7.3419e-04
            644          7.3423e-04
            645          7.3120e-04
            646          7.3000e-04
            647          7.2707e-04
            648          7.2549e-04
            649          7.2760e-04
            650          7.2813e-04
            651          7.2805e-04
            652          7.2930e-04
            653          7.2168e-04
            654          7.2461e-04
            655          7.1877e-04
            656          7.1812e-04
            657          7.1907e-04
            658          7.1495e-04
            659          7.1295e-04
            660          7.1494e-04
            661          7.1311e-04
            662          7.1147e-04
            663          7.1294e-04
            664          7.0804e-04
            665          7.1004e-04
            666          7.0902e-04
            667          7.0864e-04
            668          7.0661e-04
            669          7.0523e-04
            670          7.0697e-04
            671          7.0374e-04
            672          7.0231e-04
            673          7.0109e-04
            674          7.0051e-04
            675          6.9725e-04
            676          6.9798e-04
            677          6.9328e-04
            678          6.9617e-04
            679          6.9483e-04
            680          6.9542e-04
            681          6.9305e-04
            682          6.9188e-04
            683          6.9087e-04
            684          6.9358e-04
            685          6.8837e-04
            686          6.8674e-04
            687          6.8851e-04
            688          6.8587e-04
            689          6.8576e-04
            690          6.8420e-04
            691          6.8482e-04
            692          6.8330e-04
            693          6.8068e-04
            694          6.7557e-04
            695          6.7529e-04
            696          6.7810e-04
            697          6.7687e-04
            698          6.7873e-04
            699          6.7687e-04
            700          6.7530e-04
            701          6.7203e-04
            702          6.7263e-04
            703          6.6903e-04
            704          6.7084e-04
            705          6.7003e-04
            706          6.6532e-04
            707          6.6663e-04
            708          6.6651e-04
            709          6.6255e-04
            710          6.6288e-04
            711          6.5969e-04
            712          6.6151e-04
            713          6.6063e-04
            714          6.5972e-04
            715          6.6141e-04
            716          6.6064e-04
            717          6.5775e-04
            718          6.5916e-04
            719          6.5658e-04
            720          6.5707e-04
            721          6.5639e-04
            722          6.5589e-04
            723          6.5246e-04
            724          6.5448e-04
            725          6.4958e-04
            726          6.5045e-04
            727          6.4941e-04
            728          6.4658e-04
            729          6.4461e-04
            730          6.4697e-04
            731          6.4580e-04
            732          6.4693e-04
            733          6.4471e-04
            734          6.4133e-04
            735          6.4165e-04
            736          6.4267e-04
            737          6.4133e-04
            738          6.4070e-04
            739          6.4025e-04
            740          6.3851e-04
            741          6.3667e-04
            742          6.3358e-04
            743          6.3269e-04
            744          6.3293e-04
            745          6.3244e-04
            746          6.3270e-04
            747          6.2896e-04
            748          6.3052e-04
            749          6.2877e-04
            750          6.2840e-04
            751          6.2620e-04
            752          6.2624e-04
            753          6.2402e-04
            754          6.2803e-04
            755          6.2679e-04
            756          6.2466e-04
            757          6.2301e-04
            758          6.2051e-04
            759          6.1830e-04
            760          6.1857e-04
            761          6.1875e-04
            762          6.1721e-04
            763          6.1586e-04
            764          6.1485e-04
            765          6.1384e-04
            766          6.1720e-04
            767          6.1345e-04
            768          6.1216e-04
            769          6.1214e-04
            770          6.0893e-04
            771          6.1065e-04
            772          6.1027e-04
            773          6.0887e-04
            774          6.0813e-04
            775          6.0741e-04
            776          6.0645e-04
            777          6.0518e-04
            778          6.0830e-04
            779          6.0518e-04
            780          6.0229e-04
            781          6.0325e-04
            782          6.0306e-04
            783          6.0214e-04
            784          6.0156e-04
            785          6.0026e-04
            786          5.9952e-04
            787          5.9694e-04
            788          5.9447e-04
            789          5.9743e-04
            790          5.9884e-04
            791          5.9439e-04
            792          5.9518e-04
            793          5.9089e-04
            794          5.9116e-04
            795          5.9198e-04
            796          5.9166e-04
            797          5.8994e-04
            798          5.9174e-04
            799          5.9309e-04
            800          5.8954e-04
            801          5.8695e-04
            802          5.8894e-04
            803          5.8728e-04
            804          5.8509e-04
            805          5.8379e-04
            806          5.8373e-04
            807          5.8522e-04
            808          5.8480e-04
            809          5.8262e-04
            810          5.8226e-04
            811          5.7836e-04
            812          5.8039e-04
            813          5.7746e-04
            814          5.7778e-04
            815          5.7925e-04
            816          5.7742e-04
            817          5.7477e-04
            818          5.7597e-04
            819          5.7368e-04
            820          5.7401e-04
            821          5.7420e-04
            822          5.7129e-04
            823          5.7316e-04
            824          5.6923e-04
            825          5.6966e-04
            826          5.6979e-04
            827          5.6998e-04
            828          5.6751e-04
            829          5.6606e-04
            830          5.6860e-04
            831          5.6595e-04
            832          5.6464e-04
            833          5.6578e-04
            834          5.6280e-04
            835          5.6027e-04
            836          5.6218e-04
            837          5.6304e-04
            838          5.5907e-04
            839          5.5770e-04
            840          5.6044e-04
            841          5.5811e-04
            842          5.5945e-04
            843          5.6056e-04
            844          5.5750e-04
            845          5.5733e-04
            846          5.5327e-04
            847          5.5399e-04
            848          5.5543e-04
            849          5.5391e-04
            850          5.5252e-04
            851          5.5230e-04
            852          5.5252e-04
            853          5.5262e-04
            854          5.4944e-04
            855          5.4847e-04
            856          5.4676e-04
            857          5.4777e-04
            858          5.4689e-04
            859          5.4649e-04
            860          5.4413e-04
            861          5.4701e-04
            862          5.4611e-04
            863          5.4399e-04
            864          5.4596e-04
            865          5.4233e-04
            866          5.4147e-04
            867          5.4131e-04
            868          5.4063e-04
            869          5.3846e-04
            870          5.4051e-04
            871          5.3827e-04
            872          5.3808e-04
            873          5.3835e-04
            874          5.3853e-04
            875          5.3638e-04
            876          5.3671e-04
            877          5.3626e-04
            878          5.3661e-04
            879          5.3315e-04
            880          5.3340e-04
            881          5.3268e-04
            882          5.3356e-04
            883          5.3262e-04
            884          5.3324e-04
            885          5.3265e-04
            886          5.3122e-04
            887          5.2932e-04
            888          5.2925e-04
            889          5.2827e-04
            890          5.2840e-04
            891          5.2695e-04
            892          5.2608e-04
            893          5.2427e-04
            894          5.2628e-04
            895          5.2718e-04
            896          5.2284e-04
            897          5.2467e-04
            898          5.2175e-04
            899          5.2358e-04
            900          5.2488e-04
            901          5.2306e-04
            902          5.2076e-04
            903          5.1792e-04
            904          5.1974e-04
            905          5.1944e-04
            906          5.1825e-04
            907          5.1940e-04
            908          5.1853e-04
            909          5.1745e-04
            910          5.1682e-04
            911          5.1495e-04
            912          5.1154e-04
            913          5.1417e-04
            914          5.1416e-04
            915          5.1503e-04
            916          5.1453e-04
            917          5.1126e-04
            918          5.1263e-04
            919          5.1227e-04
            920          5.1032e-04
            921          5.0987e-04
            922          5.0922e-04
            923          5.0987e-04
            924          5.0817e-04
            925          5.0846e-04
            926          5.0818e-04
            927          5.0508e-04
            928          5.0893e-04
            929          5.0782e-04
            930          5.0498e-04
            931          5.0747e-04
            932          5.0418e-04
            933          5.0453e-04
            934          5.0187e-04
            935          5.0454e-04
            936          5.0173e-04
            937          5.0109e-04
            938          4.9996e-04
            939          5.0007e-04
            940          4.9981e-04
            941          4.9837e-04
            942          4.9848e-04
            943          4.9839e-04
            944          4.9762e-04
            945          4.9870e-04
            946          4.9902e-04
            947          4.9577e-04
            948          4.9728e-04
            949          4.9571e-04
            950          4.9486e-04
            951          4.9216e-04
            952          4.9298e-04
            953          4.9252e-04
            954          4.9178e-04
            955          4.9148e-04
            956          4.9083e-04
            957          4.9262e-04
            958          4.8919e-04
            959          4.8953e-04
            960          4.8828e-04
            961          4.8894e-04
            962          4.8621e-04
            963          4.8815e-04
            964          4.8708e-04
            965          4.8609e-04
            966          4.8527e-04
            967          4.8573e-04
            968          4.8300e-04
            969          4.8559e-04
            970          4.8519e-04
            971          4.8529e-04
            972          4.8420e-04
            973          4.8264e-04
            974          4.8201e-04
            975          4.8166e-04
            976          4.8085e-04
            977          4.8164e-04
            978          4.8112e-04
            979          4.7939e-04
            980          4.7942e-04
            981          4.7906e-04
            982          4.7868e-04
            983          4.7745e-04
            984          4.7733e-04
            985          4.7595e-04
            986          4.7651e-04
            987          4.7672e-04
            988          4.7312e-04
            989          4.7468e-04
            990          4.7285e-04
            991          4.7508e-04
            992          4.7624e-04
            993          4.7244e-04
            994          4.7276e-04
            995          4.7216e-04
            996          4.7286e-04
            997          4.7048e-04
            998          4.6992e-04
            999          4.6763e-04
           1000          4.7073e-04
