              0          1.0000e+00
              1          3.0925e-01
              2          2.0074e-01
              3          1.4735e-01
              4          1.1325e-01
              5          9.2009e-02
              6          7.6127e-02
              7          6.4986e-02
              8          5.6173e-02
              9          4.9544e-02
             10          4.3960e-02
             11          3.9687e-02
             12          3.6081e-02
             13          3.3238e-02
             14          3.0720e-02
             15          2.8531e-02
             16          2.6978e-02
             17          2.5301e-02
             18          2.3935e-02
             19          2.2773e-02
             20          2.1634e-02
             21          2.0577e-02
             22          1.9814e-02
             23          1.9070e-02
             24          1.8181e-02
             25          1.7617e-02
             26          1.7110e-02
             27          1.6526e-02
             28          1.6034e-02
             29          1.5525e-02
             30          1.5029e-02
             31          1.4538e-02
             32          1.4224e-02
             33          1.3827e-02
             34          1.3442e-02
             35          1.3058e-02
             36          1.2747e-02
             37          1.2514e-02
             38          1.2258e-02
             39          1.1935e-02
             40          1.1609e-02
             41          1.1360e-02
             42          1.1192e-02
             43          1.0911e-02
             44          1.0726e-02
             45          1.0552e-02
             46          1.0346e-02
             47          1.0173e-02
             48          9.9308e-03
             49          9.7365e-03
             50          9.5829e-03
             51          9.4833e-03
             52          9.3286e-03
             53          9.2114e-03
             54          8.8884e-03
             55          8.8036e-03
             56          8.7034e-03
             57          8.5716e-03
             58          8.4332e-03
             59          8.2669e-03
             60          8.1926e-03
             61          8.0502e-03
             62          7.9407e-03
             63          7.8180e-03
             64          7.6563e-03
             65          7.6131e-03
             66          7.4872e-03
             67          7.4015e-03
             68          7.2848e-03
             69          7.1822e-03
             70          7.1347e-03
             71          6.9944e-03
             72          6.9072e-03
             73          6.8376e-03
             74          6.7404e-03
             75          6.6380e-03
             76          6.5537e-03
             77          6.5021e-03
             78          6.4112e-03
             79          6.3331e-03
             80          6.2181e-03
             81          6.1731e-03
             82          6.0883e-03
             83          6.0551e-03
             84          5.9618e-03
             85          5.8860e-03
             86          5.7947e-03
             87          5.6769e-03
             88          5.6767e-03
             89          5.6090e-03
             90          5.5366e-03
             91          5.4759e-03
             92          5.4196e-03
             93          5.3693e-03
             94          5.3142e-03
             95          5.2161e-03
             96          5.1678e-03
             97          5.1449e-03
             98          5.0507e-03
             99          5.0320e-03
            100          4.9439e-03
            101          4.8913e-03
            102          4.8954e-03
            103          4.8081e-03
            104          4.7966e-03
            105          4.6985e-03
            106          4.6648e-03
            107          4.6506e-03
            108          4.5938e-03
            109          4.5363e-03
            110          4.4895e-03
            111          4.4213e-03
            112          4.4200e-03
            113          4.3875e-03
            114          4.3234e-03
            115          4.2767e-03
            116          4.2411e-03
            117          4.2140e-03
            118          4.1826e-03
            119          4.1277e-03
            120          4.0950e-03
            121          4.0705e-03
            122          4.0209e-03
            123          3.9831e-03
            124          3.9494e-03
            125          3.9173e-03
            126          3.8787e-03
            127          3.8546e-03
            128          3.7946e-03
            129          3.7718e-03
            130          3.7353e-03
            131          3.7164e-03
            132          3.6683e-03
            133          3.6492e-03
            134          3.6058e-03
            135          3.5682e-03
            136          3.5509e-03
            137          3.5158e-03
            138          3.5088e-03
            139          3.4690e-03
            140          3.4228e-03
            141          3.4066e-03
            142          3.3728e-03
            143          3.3430e-03
            144          3.3398e-03
            145          3.3047e-03
            146          3.2809e-03
            147          3.2315e-03
            148          3.2356e-03
            149          3.2002e-03
            150          3.1778e-03
            151          3.1559e-03
            152          3.1268e-03
            153          3.1040e-03
            154          3.0778e-03
            155          3.0604e-03
            156          3.0291e-03
            157          3.0027e-03
            158          3.0031e-03
            159          2.9975e-03
            160          2.9590e-03
            161          2.9252e-03
            162          2.9177e-03
            163          2.8894e-03
            164          2.8550e-03
            165          2.8493e-03
            166          2.8130e-03
            167          2.7991e-03
            168          2.7930e-03
            169          2.7693e-03
            170          2.7495e-03
            171          2.7598e-03
            172          2.7305e-03
            173          2.6853e-03
            174          2.6877e-03
            175          2.6746e-03
            176          2.6566e-03
            177          2.6320e-03
            178          2.6088e-03
            179          2.5863e-03
            180          2.5777e-03
            181          2.5710e-03
            182          2.5576e-03
            183          2.5295e-03
            184          2.5106e-03
            185          2.4879e-03
            186          2.4874e-03
            187          2.4733e-03
            188          2.4649e-03
            189          2.4343e-03
            190          2.4268e-03
            191          2.4151e-03
            192          2.4062e-03
            193          2.3836e-03
            194          2.3711e-03
            195          2.3520e-03
            196          2.3502e-03
            197          2.3239e-03
            198          2.3192e-03
            199          2.2994e-03
            200          2.3030e-03
            201          2.2829e-03
            202          2.2624e-03
            203          2.2558e-03
            204          2.2472e-03
            205          2.2372e-03
            206          2.2315e-03
            207          2.2058e-03
            208          2.1929e-03
            209          2.1828e-03
            210          2.1702e-03
            211          2.1643e-03
            212          2.1533e-03
            213          2.1373e-03
            214          2.1307e-03
            215          2.1157e-03
            216          2.1008e-03
            217          2.0958e-03
            218          2.0919e-03
            219          2.0903e-03
            220          2.0761e-03
            221          2.0494e-03
            222          2.0536e-03
            223          2.0315e-03
            224          2.0258e-03
            225          2.0095e-03
            226          2.0031e-03
            227          1.9869e-03
            228          1.9890e-03
            229          1.9805e-03
            230          1.9766e-03
            231          1.9623e-03
            232          1.9442e-03
            233          1.9408e-03
            234          1.9367e-03
            235          1.9356e-03
            236          1.9239e-03
            237          1.9131e-03
            238          1.8993e-03
            239          1.9045e-03
            240          1.8866e-03
            241          1.8766e-03
            242          1.8619e-03
            243          1.8567e-03
            244          1.8498e-03
            245          1.8411e-03
            246          1.8342e-03
            247          1.8279e-03
            248          1.8209e-03
            249          1.8157e-03
            250          1.7991e-03
            251          1.7937e-03
            252          1.7965e-03
            253          1.7806e-03
            254          1.7776e-03
            255          1.7715e-03
            256          1.7695e-03
            257          1.7630e-03
            258          1.7495e-03
            259          1.7440e-03
            260          1.7396e-03
            261          1.7349e-03
            262          1.7169e-03
            263          1.7201e-03
            264          1.7111e-03
            265          1.7062e-03
            266          1.6914e-03
            267          1.6940e-03
            268          1.6853e-03
            269          1.6772e-03
            270          1.6742e-03
            271          1.6597e-03
            272          1.6588e-03
            273          1.6471e-03
            274          1.6345e-03
            275          1.6334e-03
            276          1.6352e-03
            277          1.6276e-03
            278          1.6257e-03
            279          1.6158e-03
            280          1.6131e-03
            281          1.6174e-03
            282          1.6005e-03
            283          1.5920e-03
            284          1.5871e-03
            285          1.5855e-03
            286          1.5736e-03
            287          1.5711e-03
            288          1.5668e-03
            289          1.5666e-03
            290          1.5513e-03
            291          1.5592e-03
            292          1.5399e-03
            293          1.5468e-03
            294          1.5355e-03
            295          1.5358e-03
            296          1.5300e-03
            297          1.5263e-03
            298          1.5159e-03
            299          1.5077e-03
            300          1.5059e-03
            301          1.4982e-03
            302          1.4962e-03
            303          1.4908e-03
            304          1.4874e-03
            305          1.4847e-03
            306          1.4800e-03
            307          1.4696e-03
            308          1.4714e-03
            309          1.4750e-03
            310          1.4668e-03
            311          1.4599e-03
            312          1.4492e-03
            313          1.4457e-03
            314          1.4430e-03
            315          1.4353e-03
            316          1.4335e-03
            317          1.4264e-03
            318          1.4232e-03
            319          1.4249e-03
            320          1.4201e-03
            321          1.4154e-03
            322          1.3969e-03
            323          1.4018e-03
            324          1.3987e-03
            325          1.3943e-03
            326          1.3912e-03
            327          1.3843e-03
            328          1.3829e-03
            329          1.3804e-03
            330          1.3764e-03
            331          1.3677e-03
            332          1.3697e-03
            333          1.3614e-03
            334          1.3531e-03
            335          1.3536e-03
            336          1.3464e-03
            337          1.3455e-03
            338          1.3439e-03
            339          1.3410e-03
            340          1.3374e-03
            341          1.3354e-03
            342          1.3301e-03
            343          1.3250e-03
            344          1.3171e-03
            345          1.3166e-03
            346          1.3243e-03
            347          1.3090e-03
            348          1.3069e-03
            349          1.3071e-03
            350          1.3006e-03
            351          1.2972e-03
            352          1.2897e-03
            353          1.2928e-03
            354          1.2916e-03
            355          1.2885e-03
            356          1.2835e-03
            357          1.2808e-03
            358          1.2770e-03
            359          1.2721e-03
            360          1.2685e-03
            361          1.2669e-03
            362          1.2675e-03
            363          1.2582e-03
            364          1.2546e-03
            365          1.2525e-03
            366          1.2499e-03
            367          1.2482e-03
            368          1.2478e-03
            369          1.2475e-03
            370          1.2361e-03
            371          1.2364e-03
            372          1.2321e-03
            373          1.2282e-03
            374          1.2226e-03
            375          1.2209e-03
            376          1.2149e-03
            377          1.2149e-03
            378          1.2157e-03
            379          1.2064e-03
            380          1.2082e-03
            381          1.2000e-03
            382          1.1968e-03
            383          1.1959e-03
            384          1.1891e-03
            385          1.1885e-03
            386          1.1881e-03
            387          1.1819e-03
            388          1.1818e-03
            389          1.1824e-03
            390          1.1789e-03
            391          1.1784e-03
            392          1.1760e-03
            393          1.1725e-03
            394          1.1611e-03
            395          1.1629e-03
            396          1.1620e-03
            397          1.1638e-03
            398          1.1534e-03
            399          1.1598e-03
            400          1.1465e-03
            401          1.1460e-03
            402          1.1474e-03
            403          1.1404e-03
            404          1.1389e-03
            405          1.1340e-03
            406          1.1332e-03
            407          1.1346e-03
            408          1.1302e-03
            409          1.1275e-03
            410          1.1265e-03
            411          1.1192e-03
            412          1.1201e-03
            413          1.1162e-03
            414          1.1120e-03
            415          1.1090e-03
            416          1.1105e-03
            417          1.1065e-03
            418          1.1019e-03
            419          1.1017e-03
            420          1.0986e-03
            421          1.0905e-03
            422          1.0940e-03
            423          1.0918e-03
            424          1.0855e-03
            425          1.0864e-03
            426          1.0819e-03
            427          1.0818e-03
            428          1.0837e-03
            429          1.0807e-03
            430          1.0763e-03
            431          1.0753e-03
            432          1.0696e-03
            433          1.0693e-03
            434          1.0644e-03
            435          1.0664e-03
            436          1.0623e-03
            437          1.0558e-03
            438          1.0548e-03
            439          1.0566e-03
            440          1.0556e-03
            441          1.0494e-03
            442          1.0449e-03
            443          1.0487e-03
            444          1.0434e-03
            445          1.0395e-03
            446          1.0399e-03
            447          1.0363e-03
            448          1.0340e-03
            449          1.0319e-03
            450          1.0327e-03
            451          1.0289e-03
            452          1.0219e-03
            453          1.0233e-03
            454          1.0213e-03
            455          1.0207e-03
            456          1.0231e-03
            457          1.0170e-03
            458          1.0167e-03
            459          1.0082e-03
            460          1.0113e-03
            461          1.0085e-03
            462          1.0087e-03
            463          1.0063e-03
            464          1.0035e-03
            465          1.0001e-03
            466          9.9939e-04
            467          1.0014e-03
            468          9.9281e-04
            469          9.9389e-04
            470          9.8884e-04
            471          9.8678e-04
            472          9.8230e-04
            473          9.8444e-04
            474          9.8261e-04
            475          9.7698e-04
            476          9.7669e-04
            477          9.7625e-04
            478          9.7117e-04
            479          9.7282e-04
            480          9.6907e-04
            481          9.6560e-04
            482          9.6665e-04
            483          9.6333e-04
            484          9.6393e-04
            485          9.5955e-04
            486          9.6051e-04
            487          9.5822e-04
            488          9.5573e-04
            489          9.5146e-04
            490          9.5367e-04
            491          9.5234e-04
            492          9.4894e-04
            493          9.4696e-04
            494          9.4572e-04
            495          9.4338e-04
            496          9.3871e-04
            497          9.3919e-04
            498          9.3669e-04
            499          9.3902e-04
            500          9.3721e-04
            501          9.3547e-04
            502          9.2977e-04
            503          9.2577e-04
            504          9.2854e-04
            505          9.2473e-04
            506          9.2321e-04
            507          9.2249e-04
            508          9.1589e-04
            509          9.1768e-04
            510          9.1615e-04
            511          9.1426e-04
            512          9.1028e-04
            513          9.0847e-04
            514          9.1144e-04
            515          9.0826e-04
            516          9.0380e-04
            517          9.0563e-04
            518          9.0320e-04
            519          9.0638e-04
            520          8.9832e-04
            521          8.9706e-04
            522          8.9407e-04
            523          8.9235e-04
            524          8.9671e-04
            525          8.9033e-04
            526          8.8731e-04
            527          8.9137e-04
            528          8.8601e-04
            529          8.8673e-04
            530          8.8583e-04
            531          8.8119e-04
            532          8.8193e-04
            533          8.7771e-04
            534          8.7833e-04
            535          8.7401e-04
            536          8.7436e-04
            537          8.7226e-04
            538          8.6883e-04
            539          8.6576e-04
            540          8.6844e-04
            541          8.6776e-04
            542          8.6343e-04
            543          8.6318e-04
            544          8.5874e-04
            545          8.6219e-04
            546          8.5687e-04
            547          8.5751e-04
            548          8.5187e-04
            549          8.5274e-04
            550          8.5287e-04
            551          8.4977e-04
            552          8.4929e-04
            553          8.4331e-04
            554          8.4799e-04
            555          8.4720e-04
            556          8.4419e-04
            557          8.4256e-04
            558          8.3785e-04
            559          8.3652e-04
            560          8.3778e-04
            561          8.3661e-04
            562          8.3360e-04
            563          8.3434e-04
            564          8.3372e-04
            565          8.3035e-04
            566          8.3095e-04
            567          8.2743e-04
            568          8.2458e-04
            569          8.2722e-04
            570          8.2365e-04
            571          8.1993e-04
            572          8.1947e-04
            573          8.1977e-04
            574          8.1613e-04
            575          8.1457e-04
            576          8.1570e-04
            577          8.1158e-04
            578          8.1067e-04
            579          8.1293e-04
            580          8.1156e-04
            581          8.0703e-04
            582          8.0794e-04
            583          8.0223e-04
            584          8.0370e-04
            585          8.0413e-04
            586          7.9894e-04
            587          8.0057e-04
            588          8.0005e-04
            589          7.9637e-04
            590          7.9349e-04
            591          7.9356e-04
            592          7.9238e-04
            593          7.9028e-04
            594          7.9003e-04
            595          7.8864e-04
            596          7.9041e-04
            597          7.8806e-04
            598          7.8768e-04
            599          7.8377e-04
            600          7.8297e-04
            601          7.8468e-04
            602          7.8394e-04
            603          7.7915e-04
            604          7.7813e-04
            605          7.7784e-04
            606          7.7299e-04
            607          7.7383e-04
            608          7.7184e-04
            609          7.7536e-04
            610          7.7003e-04
            611          7.6790e-04
            612          7.6779e-04
            613          7.6351e-04
            614          7.6330e-04
            615          7.6070e-04
            616          7.6520e-04
            617          7.6286e-04
            618          7.5967e-04
            619          7.5617e-04
            620          7.5677e-04
            621          7.5619e-04
            622          7.5557e-04
            623          7.5335e-04
            624          7.5150e-04
            625          7.4953e-04
            626          7.5128e-04
            627          7.5109e-04
            628          7.4734e-04
            629          7.4465e-04
            630          7.4652e-04
            631          7.4180e-04
            632          7.4246e-04
            633          7.4352e-04
            634          7.4340e-04
            635          7.4017e-04
            636          7.3759e-04
            637          7.3844e-04
            638          7.3672e-04
            639          7.3151e-04
            640          7.3347e-04
            641          7.3257e-04
            642          7.3042e-04
            643          7.3034e-04
            644          7.3185e-04
            645          7.2725e-04
            646          7.2815e-04
            647          7.2706e-04
            648          7.2675e-04
            649          7.2242e-04
            650          7.2277e-04
            651          7.2044e-04
            652          7.2050e-04
            653          7.1966e-04
            654          7.2157e-04
            655          7.1679e-04
            656          7.1497e-04
            657          7.1629e-04
            658          7.1516e-04
            659          7.1582e-04
            660          7.1264e-04
            661          7.1228e-04
            662          7.0975e-04
            663          7.0975e-04
            664          7.0764e-04
            665          7.0615e-04
            666          7.0745e-04
            667          7.0484e-04
            668          7.0391e-04
            669          7.0258e-04
            670          7.0230e-04
            671          6.9843e-04
            672          6.9867e-04
            673          6.9762e-04
            674          6.9609e-04
            675          6.9438e-04
            676          6.9347e-04
            677          6.9324e-04
            678          6.8956e-04
            679          6.9460e-04
            680          6.9291e-04
            681          6.9058e-04
            682          6.8938e-04
            683          6.8938e-04
            684          6.8862e-04
            685          6.8675e-04
            686          6.8748e-04
            687          6.8309e-04
            688          6.8253e-04
            689          6.8311e-04
            690          6.8485e-04
            691          6.8023e-04
            692          6.8002e-04
            693          6.7808e-04
            694          6.7731e-04
            695          6.7598e-04
            696          6.7400e-04
            697          6.7593e-04
            698          6.7463e-04
            699          6.7184e-04
            700          6.7143e-04
            701          6.7012e-04
            702          6.7036e-04
            703          6.7129e-04
            704          6.7078e-04
            705          6.6537e-04
            706          6.6429e-04
            707          6.6220e-04
            708          6.6081e-04
            709          6.6129e-04
            710          6.6053e-04
            711          6.6249e-04
            712          6.5889e-04
            713          6.5760e-04
            714          6.5671e-04
            715          6.5716e-04
            716          6.5630e-04
            717          6.5501e-04
            718          6.5091e-04
            719          6.5535e-04
            720          6.5286e-04
            721          6.5088e-04
            722          6.5196e-04
            723          6.4985e-04
            724          6.4822e-04
            725          6.4890e-04
            726          6.4451e-04
            727          6.4629e-04
            728          6.4067e-04
            729          6.4467e-04
            730          6.4259e-04
            731          6.4391e-04
            732          6.4239e-04
            733          6.4067e-04
            734          6.4104e-04
            735          6.4039e-04
            736          6.3847e-04
            737          6.3736e-04
            738          6.3622e-04
            739          6.3844e-04
            740          6.3701e-04
            741          6.3320e-04
            742          6.3221e-04
            743          6.3077e-04
            744          6.3215e-04
            745          6.2915e-04
            746          6.2824e-04
            747          6.3038e-04
            748          6.3155e-04
            749          6.2532e-04
            750          6.2736e-04
            751          6.2669e-04
            752          6.2396e-04
            753          6.2141e-04
            754          6.2171e-04
            755          6.2029e-04
            756          6.2064e-04
            757          6.1925e-04
            758          6.2024e-04
            759          6.1941e-04
            760          6.1510e-04
            761          6.1435e-04
            762          6.1398e-04
            763          6.1300e-04
            764          6.1454e-04
            765          6.1066e-04
            766          6.1022e-04
            767          6.1080e-04
            768          6.1017e-04
            769          6.0940e-04
            770          6.0958e-04
            771          6.0844e-04
            772          6.0796e-04
            773          6.0943e-04
            774          6.0393e-04
            775          6.0393e-04
            776          6.0512e-04
            777          6.0646e-04
            778          6.0497e-04
            779          6.0130e-04
            780          6.0036e-04
            781          6.0363e-04
            782          6.0096e-04
            783          6.0123e-04
            784          5.9712e-04
            785          5.9610e-04
            786          5.9689e-04
            787          5.9505e-04
            788          5.9440e-04
            789          5.9402e-04
            790          5.9509e-04
            791          5.9269e-04
            792          5.9234e-04
            793          5.8778e-04
            794          5.9018e-04
            795          5.8947e-04
            796          5.8847e-04
            797          5.8750e-04
            798          5.8575e-04
            799          5.8626e-04
            800          5.8667e-04
            801          5.8379e-04
            802          5.8444e-04
            803          5.8428e-04
            804          5.8128e-04
            805          5.7892e-04
            806          5.8117e-04
            807          5.7708e-04
            808          5.8301e-04
            809          5.7835e-04
            810          5.7772e-04
            811          5.7611e-04
            812          5.7487e-04
            813          5.7705e-04
            814          5.7541e-04
            815          5.7465e-04
            816          5.7400e-04
            817          5.7403e-04
            818          5.7311e-04
            819          5.7457e-04
            820          5.7297e-04
            821          5.7048e-04
            822          5.7093e-04
            823          5.6817e-04
            824          5.6929e-04
            825          5.6801e-04
            826          5.6915e-04
            827          5.6695e-04
            828          5.6597e-04
            829          5.6452e-04
            830          5.6376e-04
            831          5.6416e-04
            832          5.6489e-04
            833          5.6027e-04
            834          5.6061e-04
            835          5.5855e-04
            836          5.6156e-04
            837          5.5931e-04
            838          5.5847e-04
            839          5.5788e-04
            840          5.5673e-04
            841          5.5801e-04
            842          5.5461e-04
            843          5.5547e-04
            844          5.5592e-04
            845          5.5426e-04
            846          5.5555e-04
            847          5.5093e-04
            848          5.5361e-04
            849          5.5405e-04
            850          5.4945e-04
            851          5.4806e-04
            852          5.4868e-04
            853          5.4805e-04
            854          5.4829e-04
            855          5.4841e-04
            856          5.4982e-04
            857          5.4501e-04
            858          5.4526e-04
            859          5.4640e-04
            860          5.4820e-04
            861          5.4480e-04
            862          5.4096e-04
            863          5.4345e-04
            864          5.4372e-04
            865          5.4107e-04
            866          5.4064e-04
            867          5.3973e-04
            868          5.4065e-04
            869          5.3837e-04
            870          5.3968e-04
            871          5.3857e-04
            872          5.3664e-04
            873          5.3710e-04
            874          5.3587e-04
            875          5.3527e-04
            876          5.3581e-04
            877          5.3527e-04
            878          5.3372e-04
            879          5.3285e-04
            880          5.3315e-04
            881          5.3097e-04
            882          5.2997e-04
            883          5.2880e-04
            884          5.2975e-04
            885          5.2986e-04
            886          5.2656e-04
            887          5.2699e-04
            888          5.2318e-04
            889          5.2686e-04
            890          5.2615e-04
            891          5.2774e-04
            892          5.2659e-04
            893          5.2370e-04
            894          5.2101e-04
            895          5.2391e-04
            896          5.2345e-04
            897          5.2139e-04
            898          5.2251e-04
            899          5.2201e-04
            900          5.2094e-04
            901          5.1952e-04
            902          5.1965e-04
            903          5.1886e-04
            904          5.1857e-04
            905          5.1876e-04
            906          5.1671e-04
            907          5.1595e-04
            908          5.1705e-04
            909          5.1604e-04
            910          5.1511e-04
            911          5.1536e-04
            912          5.1407e-04
            913          5.1117e-04
            914          5.1103e-04
            915          5.1135e-04
            916          5.0997e-04
            917          5.0867e-04
            918          5.1052e-04
            919          5.0988e-04
            920          5.1091e-04
            921          5.0846e-04
            922          5.0730e-04
            923          5.0887e-04
            924          5.0861e-04
            925          5.0454e-04
            926          5.0671e-04
            927          5.0615e-04
            928          5.0534e-04
            929          5.0346e-04
            930          5.0196e-04
            931          5.0084e-04
            932          5.0450e-04
            933          5.0335e-04
            934          5.0263e-04
            935          5.0270e-04
            936          5.0054e-04
            937          4.9992e-04
            938          5.0111e-04
            939          4.9713e-04
            940          4.9722e-04
            941          4.9613e-04
            942          4.9815e-04
            943          4.9687e-04
            944          4.9487e-04
            945          4.9489e-04
            946          4.9650e-04
            947          4.9572e-04
            948          4.9634e-04
            949          4.9566e-04
            950          4.9514e-04
            951          4.9180e-04
            952          4.9272e-04
            953          4.9323e-04
            954          4.9355e-04
            955          4.9071e-04
            956          4.8953e-04
            957          4.8917e-04
            958          4.8832e-04
            959          4.8609e-04
            960          4.8609e-04
            961          4.8706e-04
            962          4.8718e-04
            963          4.8757e-04
            964          4.8741e-04
            965          4.8511e-04
            966          4.8574e-04
            967          4.8373e-04
            968          4.8349e-04
            969          4.8211e-04
            970          4.8297e-04
            971          4.8159e-04
            972          4.8125e-04
            973          4.7949e-04
            974          4.7864e-04
            975          4.8231e-04
            976          4.8138e-04
            977          4.7956e-04
            978          4.7775e-04
            979          4.7693e-04
            980          4.7636e-04
            981          4.7576e-04
            982          4.7777e-04
            983          4.7571e-04
            984          4.7597e-04
            985          4.7510e-04
            986          4.7565e-04
            987          4.7672e-04
            988          4.7209e-04
            989          4.7242e-04
            990          4.7142e-04
            991          4.7290e-04
            992          4.7155e-04
            993          4.7061e-04
            994          4.7262e-04
            995          4.7152e-04
            996          4.6984e-04
            997          4.6753e-04
            998          4.6835e-04
            999          4.6836e-04
           1000          4.6890e-04
