              0          1.0000e+00
              1          3.1016e-01
              2          2.0249e-01
              3          1.4631e-01
              4          1.1362e-01
              5          9.1253e-02
              6          7.6141e-02
              7          6.5057e-02
              8          5.5993e-02
              9          4.9781e-02
             10          4.4175e-02
             11          3.9609e-02
             12          3.6123e-02
             13          3.3148e-02
             14          3.0744e-02
             15          2.8578e-02
             16          2.6860e-02
             17          2.5193e-02
             18          2.3878e-02
             19          2.2541e-02
             20          2.1527e-02
             21          2.0573e-02
             22          1.9655e-02
             23          1.8852e-02
             24          1.8212e-02
             25          1.7505e-02
             26          1.6897e-02
             27          1.6395e-02
             28          1.5754e-02
             29          1.5432e-02
             30          1.4863e-02
             31          1.4550e-02
             32          1.4110e-02
             33          1.3700e-02
             34          1.3327e-02
             35          1.2993e-02
             36          1.2753e-02
             37          1.2413e-02
             38          1.2030e-02
             39          1.1849e-02
             40          1.1571e-02
             41          1.1315e-02
             42          1.1065e-02
             43          1.0889e-02
             44          1.0603e-02
             45          1.0427e-02
             46          1.0224e-02
             47          1.0061e-02
             48          9.8474e-03
             49          9.6819e-03
             50          9.5237e-03
             51          9.3607e-03
             52          9.2515e-03
             53          9.0336e-03
             54          8.8820e-03
             55          8.8048e-03
             56          8.5858e-03
             57          8.4690e-03
             58          8.3300e-03
             59          8.2023e-03
             60          8.0891e-03
             61          7.9861e-03
             62          7.8888e-03
             63          7.7377e-03
             64          7.6078e-03
             65          7.5267e-03
             66          7.3922e-03
             67          7.3240e-03
             68          7.2755e-03
             69          7.1194e-03
             70          7.0041e-03
             71          6.9762e-03
             72          6.8702e-03
             73          6.7868e-03
             74          6.6839e-03
             75          6.5808e-03
             76          6.4806e-03
             77          6.4570e-03
             78          6.3403e-03
             79          6.2289e-03
             80          6.1867e-03
             81          6.1029e-03
             82          6.0181e-03
             83          5.9724e-03
             84          5.8932e-03
             85          5.8304e-03
             86          5.7692e-03
             87          5.6720e-03
             88          5.6465e-03
             89          5.5989e-03
             90          5.5182e-03
             91          5.4475e-03
             92          5.3860e-03
             93          5.3413e-03
             94          5.2622e-03
             95          5.2372e-03
             96          5.1458e-03
             97          5.1107e-03
             98          5.0696e-03
             99          5.0154e-03
            100          4.9583e-03
            101          4.8737e-03
            102          4.8417e-03
            103          4.7851e-03
            104          4.7150e-03
            105          4.7019e-03
            106          4.6549e-03
            107          4.5873e-03
            108          4.5619e-03
            109          4.5391e-03
            110          4.5049e-03
            111          4.4333e-03
            112          4.3619e-03
            113          4.3569e-03
            114          4.2960e-03
            115          4.2597e-03
            116          4.2330e-03
            117          4.1760e-03
            118          4.1391e-03
            119          4.0954e-03
            120          4.0526e-03
            121          4.0305e-03
            122          4.0131e-03
            123          3.9557e-03
            124          3.9226e-03
            125          3.8940e-03
            126          3.8749e-03
            127          3.8130e-03
            128          3.7795e-03
            129          3.7947e-03
            130          3.7488e-03
            131          3.7024e-03
            132          3.6793e-03
            133          3.6190e-03
            134          3.6029e-03
            135          3.5723e-03
            136          3.5380e-03
            137          3.4947e-03
            138          3.4579e-03
            139          3.4602e-03
            140          3.4209e-03
            141          3.4024e-03
            142          3.3745e-03
            143          3.3351e-03
            144          3.3073e-03
            145          3.2869e-03
            146          3.2617e-03
            147          3.2413e-03
            148          3.2131e-03
            149          3.1772e-03
            150          3.1423e-03
            151          3.1400e-03
            152          3.1126e-03
            153          3.0805e-03
            154          3.0769e-03
            155          3.0577e-03
            156          3.0236e-03
            157          3.0101e-03
            158          2.9809e-03
            159          2.9529e-03
            160          2.9382e-03
            161          2.9336e-03
            162          2.9106e-03
            163          2.8987e-03
            164          2.8638e-03
            165          2.8478e-03
            166          2.8306e-03
            167          2.8086e-03
            168          2.7868e-03
            169          2.7816e-03
            170          2.7532e-03
            171          2.7299e-03
            172          2.7082e-03
            173          2.6991e-03
            174          2.6871e-03
            175          2.6584e-03
            176          2.6437e-03
            177          2.6353e-03
            178          2.6052e-03
            179          2.5934e-03
            180          2.5606e-03
            181          2.5634e-03
            182          2.5418e-03
            183          2.5193e-03
            184          2.5056e-03
            185          2.5116e-03
            186          2.4797e-03
            187          2.4864e-03
            188          2.4571e-03
            189          2.4353e-03
            190          2.4314e-03
            191          2.4130e-03
            192          2.4039e-03
            193          2.3719e-03
            194          2.3686e-03
            195          2.3565e-03
            196          2.3471e-03
            197          2.3248e-03
            198          2.3312e-03
            199          2.3021e-03
            200          2.3014e-03
            201          2.2812e-03
            202          2.2471e-03
            203          2.2501e-03
            204          2.2539e-03
            205          2.2303e-03
            206          2.2067e-03
            207          2.2209e-03
            208          2.1843e-03
            209          2.1840e-03
            210          2.1829e-03
            211          2.1624e-03
            212          2.1481e-03
            213          2.1378e-03
            214          2.1327e-03
            215          2.1133e-03
            216          2.0982e-03
            217          2.0943e-03
            218          2.0785e-03
            219          2.0764e-03
            220          2.0654e-03
            221          2.0610e-03
            222          2.0512e-03
            223          2.0319e-03
            224          2.0295e-03
            225          2.0132e-03
            226          1.9998e-03
            227          2.0037e-03
            228          1.9966e-03
            229          1.9851e-03
            230          1.9762e-03
            231          1.9663e-03
            232          1.9551e-03
            233          1.9515e-03
            234          1.9408e-03
            235          1.9240e-03
            236          1.9188e-03
            237          1.9119e-03
            238          1.9134e-03
            239          1.8987e-03
            240          1.8911e-03
            241          1.8838e-03
            242          1.8771e-03
            243          1.8731e-03
            244          1.8544e-03
            245          1.8476e-03
            246          1.8350e-03
            247          1.8223e-03
            248          1.8137e-03
            249          1.8202e-03
            250          1.8130e-03
            251          1.7977e-03
            252          1.8007e-03
            253          1.7972e-03
            254          1.7778e-03
            255          1.7719e-03
            256          1.7614e-03
            257          1.7655e-03
            258          1.7456e-03
            259          1.7378e-03
            260          1.7329e-03
            261          1.7346e-03
            262          1.7318e-03
            263          1.7200e-03
            264          1.7127e-03
            265          1.6984e-03
            266          1.6968e-03
            267          1.6875e-03
            268          1.6860e-03
            269          1.6821e-03
            270          1.6752e-03
            271          1.6697e-03
            272          1.6617e-03
            273          1.6483e-03
            274          1.6570e-03
            275          1.6478e-03
            276          1.6401e-03
            277          1.6317e-03
            278          1.6339e-03
            279          1.6305e-03
            280          1.6129e-03
            281          1.6082e-03
            282          1.5990e-03
            283          1.5991e-03
            284          1.5924e-03
            285          1.5956e-03
            286          1.5842e-03
            287          1.5776e-03
            288          1.5681e-03
            289          1.5683e-03
            290          1.5599e-03
            291          1.5445e-03
            292          1.5458e-03
            293          1.5393e-03
            294          1.5401e-03
            295          1.5326e-03
            296          1.5311e-03
            297          1.5287e-03
            298          1.5169e-03
            299          1.5185e-03
            300          1.5085e-03
            301          1.5105e-03
            302          1.4999e-03
            303          1.4995e-03
            304          1.4932e-03
            305          1.4869e-03
            306          1.4816e-03
            307          1.4779e-03
            308          1.4774e-03
            309          1.4641e-03
            310          1.4681e-03
            311          1.4568e-03
            312          1.4587e-03
            313          1.4503e-03
            314          1.4427e-03
            315          1.4310e-03
            316          1.4349e-03
            317          1.4270e-03
            318          1.4321e-03
            319          1.4268e-03
            320          1.4110e-03
            321          1.4138e-03
            322          1.4138e-03
            323          1.4123e-03
            324          1.4047e-03
            325          1.3951e-03
            326          1.3962e-03
            327          1.3859e-03
            328          1.3863e-03
            329          1.3834e-03
            330          1.3841e-03
            331          1.3790e-03
            332          1.3726e-03
            333          1.3663e-03
            334          1.3605e-03
            335          1.3614e-03
            336          1.3560e-03
            337          1.3546e-03
            338          1.3471e-03
            339          1.3413e-03
            340          1.3348e-03
            341          1.3365e-03
            342          1.3368e-03
            343          1.3372e-03
            344          1.3201e-03
            345          1.3232e-03
            346          1.3202e-03
            347          1.3227e-03
            348          1.3166e-03
            349          1.3058e-03
            350          1.3008e-03
            351          1.2959e-03
            352          1.2994e-03
            353          1.2972e-03
            354          1.2932e-03
            355          1.2920e-03
            356          1.2842e-03
            357          1.2801e-03
            358          1.2741e-03
            359          1.2749e-03
            360          1.2714e-03
            361          1.2674e-03
            362          1.2680e-03
            363          1.2579e-03
            364          1.2619e-03
            365          1.2516e-03
            366          1.2543e-03
            367          1.2462e-03
            368          1.2480e-03
            369          1.2429e-03
            370          1.2431e-03
            371          1.2446e-03
            372          1.2363e-03
            373          1.2302e-03
            374          1.2325e-03
            375          1.2247e-03
            376          1.2169e-03
            377          1.2186e-03
            378          1.2154e-03
            379          1.2115e-03
            380          1.2137e-03
            381          1.2119e-03
            382          1.2008e-03
            383          1.2012e-03
            384          1.1972e-03
            385          1.1966e-03
            386          1.1962e-03
            387          1.1870e-03
            388          1.1908e-03
            389          1.1862e-03
            390          1.1830e-03
            391          1.1838e-03
            392          1.1768e-03
            393          1.1768e-03
            394          1.1785e-03
            395          1.1657e-03
            396          1.1638e-03
            397          1.1629e-03
            398          1.1625e-03
            399          1.1574e-03
            400          1.1544e-03
            401          1.1501e-03
            402          1.1529e-03
            403          1.1521e-03
            404          1.1484e-03
            405          1.1445e-03
            406          1.1413e-03
            407          1.1386e-03
            408          1.1351e-03
            409          1.1313e-03
            410          1.1285e-03
            411          1.1244e-03
            412          1.1311e-03
            413          1.1262e-03
            414          1.1229e-03
            415          1.1161e-03
            416          1.1124e-03
            417          1.1151e-03
            418          1.1092e-03
            419          1.1074e-03
            420          1.1040e-03
            421          1.0991e-03
            422          1.1000e-03
            423          1.0954e-03
            424          1.0918e-03
            425          1.0982e-03
            426          1.0899e-03
            427          1.0907e-03
            428          1.0844e-03
            429          1.0836e-03
            430          1.0829e-03
            431          1.0839e-03
            432          1.0752e-03
            433          1.0771e-03
            434          1.0736e-03
            435          1.0712e-03
            436          1.0664e-03
            437          1.0670e-03
            438          1.0611e-03
            439          1.0586e-03
            440          1.0556e-03
            441          1.0519e-03
            442          1.0560e-03
            443          1.0499e-03
            444          1.0524e-03
            445          1.0443e-03
            446          1.0429e-03
            447          1.0413e-03
            448          1.0401e-03
            449          1.0397e-03
            450          1.0363e-03
            451          1.0341e-03
            452          1.0281e-03
            453          1.0293e-03
            454          1.0279e-03
            455          1.0234e-03
            456          1.0233e-03
            457          1.0182e-03
            458          1.0172e-03
            459          1.0179e-03
            460          1.0129e-03
            461          1.0132e-03
            462          1.0110e-03
            463          1.0047e-03
            464          1.0093e-03
            465          1.0002e-03
            466          9.9696e-04
            467          9.9951e-04
            468          9.9615e-04
            469          1.0012e-03
            470          9.9375e-04
            471          9.9162e-04
            472          9.8872e-04
            473          9.8762e-04
            474          9.8757e-04
            475          9.8575e-04
            476          9.7959e-04
            477          9.7900e-04
            478          9.8209e-04
            479          9.7743e-04
            480          9.7663e-04
            481          9.7478e-04
            482          9.7139e-04
            483          9.6759e-04
            484          9.6490e-04
            485          9.6208e-04
            486          9.6379e-04
            487          9.6222e-04
            488          9.5788e-04
            489          9.5909e-04
            490          9.5368e-04
            491          9.5172e-04
            492          9.5300e-04
            493          9.4999e-04
            494          9.4757e-04
            495          9.4842e-04
            496          9.4621e-04
            497          9.4034e-04
            498          9.4061e-04
            499          9.3970e-04
            500          9.3706e-04
            501          9.3873e-04
            502          9.3676e-04
            503          9.3442e-04
            504          9.3367e-04
            505          9.3041e-04
            506          9.2854e-04
            507          9.2284e-04
            508          9.2324e-04
            509          9.1852e-04
            510          9.2354e-04
            511          9.2137e-04
            512          9.1971e-04
            513          9.1669e-04
            514          9.0848e-04
            515          9.1252e-04
            516          9.1123e-04
            517          9.0868e-04
            518          9.0451e-04
            519          9.0912e-04
            520          9.0674e-04
            521          9.0413e-04
            522          9.0338e-04
            523          8.9636e-04
            524          8.9379e-04
            525          8.9427e-04
            526          8.9314e-04
            527          8.9264e-04
            528          8.9293e-04
            529          8.9031e-04
            530          8.8732e-04
            531          8.8561e-04
            532          8.8463e-04
            533          8.8298e-04
            534          8.8252e-04
            535          8.7821e-04
            536          8.7784e-04
            537          8.8016e-04
            538          8.7056e-04
            539          8.7078e-04
            540          8.7100e-04
            541          8.7023e-04
            542          8.6825e-04
            543          8.6832e-04
            544          8.6046e-04
            545          8.6131e-04
            546          8.6232e-04
            547          8.6272e-04
            548          8.6053e-04
            549          8.5875e-04
            550          8.5783e-04
            551          8.5319e-04
            552          8.5087e-04
            553          8.5471e-04
            554          8.5107e-04
            555          8.4479e-04
            556          8.4696e-04
            557          8.4647e-04
            558          8.4466e-04
            559          8.4455e-04
            560          8.3841e-04
            561          8.4017e-04
            562          8.4188e-04
            563          8.4155e-04
            564          8.3603e-04
            565          8.3089e-04
            566          8.3152e-04
            567          8.3363e-04
            568          8.2854e-04
            569          8.2599e-04
            570          8.2984e-04
            571          8.2655e-04
            572          8.2366e-04
            573          8.2303e-04
            574          8.2201e-04
            575          8.2378e-04
            576          8.1961e-04
            577          8.1391e-04
            578          8.1723e-04
            579          8.1408e-04
            580          8.1445e-04
            581          8.1112e-04
            582          8.1158e-04
            583          8.1058e-04
            584          8.0539e-04
            585          8.0598e-04
            586          8.0434e-04
            587          8.0595e-04
            588          8.0504e-04
            589          8.0139e-04
            590          7.9978e-04
            591          8.0047e-04
            592          7.9993e-04
            593          7.9945e-04
            594          7.9001e-04
            595          7.9418e-04
            596          7.8982e-04
            597          7.9073e-04
            598          7.8859e-04
            599          7.9169e-04
            600          7.8762e-04
            601          7.8122e-04
            602          7.8321e-04
            603          7.8821e-04
            604          7.8100e-04
            605          7.7820e-04
            606          7.7429e-04
            607          7.7891e-04
            608          7.7530e-04
            609          7.7519e-04
            610          7.7287e-04
            611          7.7377e-04
            612          7.7263e-04
            613          7.6610e-04
            614          7.6656e-04
            615          7.6419e-04
            616          7.6709e-04
            617          7.7084e-04
            618          7.6694e-04
            619          7.6219e-04
            620          7.6061e-04
            621          7.5857e-04
            622          7.5789e-04
            623          7.6334e-04
            624          7.6048e-04
            625          7.5312e-04
            626          7.5014e-04
            627          7.5506e-04
            628          7.5206e-04
            629          7.4798e-04
            630          7.5130e-04
            631          7.4543e-04
            632          7.4802e-04
            633          7.4621e-04
            634          7.4283e-04
            635          7.4174e-04
            636          7.4233e-04
            637          7.4049e-04
            638          7.4139e-04
            639          7.4099e-04
            640          7.3699e-04
            641          7.3665e-04
            642          7.3550e-04
            643          7.3562e-04
            644          7.3319e-04
            645          7.3095e-04
            646          7.3101e-04
            647          7.2831e-04
            648          7.2718e-04
            649          7.2793e-04
            650          7.2645e-04
            651          7.2609e-04
            652          7.2739e-04
            653          7.2676e-04
            654          7.2260e-04
            655          7.2209e-04
            656          7.2059e-04
            657          7.2138e-04
            658          7.2136e-04
            659          7.1718e-04
            660          7.1660e-04
            661          7.1552e-04
            662          7.1453e-04
            663          7.1287e-04
            664          7.1075e-04
            665          7.1192e-04
            666          7.1220e-04
            667          7.0665e-04
            668          7.0642e-04
            669          7.0567e-04
            670          7.0219e-04
            671          7.0475e-04
            672          7.0165e-04
            673          7.0047e-04
            674          7.0028e-04
            675          6.9571e-04
            676          6.9917e-04
            677          6.9642e-04
            678          6.9180e-04
            679          6.9405e-04
            680          6.9178e-04
            681          6.9159e-04
            682          6.9278e-04
            683          6.9089e-04
            684          6.8669e-04
            685          6.8740e-04
            686          6.8859e-04
            687          6.8564e-04
            688          6.8747e-04
            689          6.8556e-04
            690          6.8408e-04
            691          6.8287e-04
            692          6.8086e-04
            693          6.7987e-04
            694          6.8019e-04
            695          6.7926e-04
            696          6.7877e-04
            697          6.7908e-04
            698          6.7684e-04
            699          6.7348e-04
            700          6.7514e-04
            701          6.7269e-04
            702          6.7614e-04
            703          6.7185e-04
            704          6.7200e-04
            705          6.6864e-04
            706          6.6689e-04
            707          6.6775e-04
            708          6.6555e-04
            709          6.6680e-04
            710          6.6575e-04
            711          6.6220e-04
            712          6.6456e-04
            713          6.6236e-04
            714          6.5958e-04
            715          6.6106e-04
            716          6.5694e-04
            717          6.5559e-04
            718          6.5597e-04
            719          6.5465e-04
            720          6.5642e-04
            721          6.5313e-04
            722          6.5123e-04
            723          6.5159e-04
            724          6.5136e-04
            725          6.4920e-04
            726          6.5033e-04
            727          6.4761e-04
            728          6.4868e-04
            729          6.4527e-04
            730          6.4473e-04
            731          6.4599e-04
            732          6.4196e-04
            733          6.4109e-04
            734          6.4199e-04
            735          6.4170e-04
            736          6.3993e-04
            737          6.3917e-04
            738          6.4028e-04
            739          6.3570e-04
            740          6.3732e-04
            741          6.3410e-04
            742          6.3728e-04
            743          6.3487e-04
            744          6.3340e-04
            745          6.3020e-04
            746          6.3263e-04
            747          6.2719e-04
            748          6.3045e-04
            749          6.3297e-04
            750          6.2770e-04
            751          6.2525e-04
            752          6.2669e-04
            753          6.2523e-04
            754          6.2489e-04
            755          6.2370e-04
            756          6.2258e-04
            757          6.2139e-04
            758          6.2131e-04
            759          6.2024e-04
            760          6.1989e-04
            761          6.1887e-04
            762          6.1547e-04
            763          6.1591e-04
            764          6.1479e-04
            765          6.1199e-04
            766          6.1460e-04
            767          6.1557e-04
            768          6.1454e-04
            769          6.1175e-04
            770          6.1266e-04
            771          6.1066e-04
            772          6.1082e-04
            773          6.0915e-04
            774          6.0958e-04
            775          6.0967e-04
            776          6.0530e-04
            777          6.0699e-04
            778          6.0523e-04
            779          6.0597e-04
            780          6.0500e-04
            781          6.0395e-04
            782          6.0382e-04
            783          6.0449e-04
            784          6.0197e-04
            785          5.9952e-04
            786          5.9781e-04
            787          5.9753e-04
            788          5.9893e-04
            789          5.9709e-04
            790          5.9553e-04
            791          5.9534e-04
            792          5.9608e-04
            793          5.9388e-04
            794          5.9219e-04
            795          5.9101e-04
            796          5.8878e-04
            797          5.9192e-04
            798          5.9228e-04
            799          5.9184e-04
            800          5.8892e-04
            801          5.8730e-04
            802          5.8485e-04
            803          5.8725e-04
            804          5.8519e-04
            805          5.8377e-04
            806          5.8374e-04
            807          5.8314e-04
            808          5.8207e-04
            809          5.8012e-04
            810          5.8119e-04
            811          5.7930e-04
            812          5.7692e-04
            813          5.7790e-04
            814          5.7653e-04
            815          5.7635e-04
            816          5.7773e-04
            817          5.7226e-04
            818          5.7141e-04
            819          5.7569e-04
            820          5.7402e-04
            821          5.7302e-04
            822          5.7382e-04
            823          5.7272e-04
            824          5.7393e-04
            825          5.6958e-04
            826          5.7019e-04
            827          5.6653e-04
            828          5.6698e-04
            829          5.6663e-04
            830          5.6410e-04
            831          5.6455e-04
            832          5.6558e-04
            833          5.6312e-04
            834          5.6260e-04
            835          5.6001e-04
            836          5.6475e-04
            837          5.6169e-04
            838          5.5940e-04
            839          5.6114e-04
            840          5.6043e-04
            841          5.5831e-04
            842          5.5714e-04
            843          5.5774e-04
            844          5.5573e-04
            845          5.5801e-04
            846          5.5321e-04
            847          5.5547e-04
            848          5.5368e-04
            849          5.5461e-04
            850          5.5258e-04
            851          5.5017e-04
            852          5.5054e-04
            853          5.5247e-04
            854          5.4897e-04
            855          5.5037e-04
            856          5.4936e-04
            857          5.4876e-04
            858          5.5044e-04
            859          5.4695e-04
            860          5.4698e-04
            861          5.4618e-04
            862          5.4585e-04
            863          5.4815e-04
            864          5.4779e-04
            865          5.4429e-04
            866          5.4415e-04
            867          5.4160e-04
            868          5.3943e-04
            869          5.3969e-04
            870          5.3883e-04
            871          5.3954e-04
            872          5.3810e-04
            873          5.3664e-04
            874          5.3798e-04
            875          5.3472e-04
            876          5.3542e-04
            877          5.3431e-04
            878          5.3451e-04
            879          5.3539e-04
            880          5.3353e-04
            881          5.3304e-04
            882          5.3015e-04
            883          5.3246e-04
            884          5.3233e-04
            885          5.3076e-04
            886          5.3293e-04
            887          5.2947e-04
            888          5.3081e-04
            889          5.2967e-04
            890          5.2775e-04
            891          5.2587e-04
            892          5.2850e-04
            893          5.2723e-04
            894          5.2810e-04
            895          5.2403e-04
            896          5.2221e-04
            897          5.2346e-04
            898          5.2364e-04
            899          5.2206e-04
            900          5.1991e-04
            901          5.2099e-04
            902          5.2256e-04
            903          5.1924e-04
            904          5.1915e-04
            905          5.1913e-04
            906          5.1944e-04
            907          5.1671e-04
            908          5.1855e-04
            909          5.1611e-04
            910          5.1650e-04
            911          5.1738e-04
            912          5.1579e-04
            913          5.1496e-04
            914          5.1302e-04
            915          5.1561e-04
            916          5.1545e-04
            917          5.0990e-04
            918          5.1156e-04
            919          5.0958e-04
            920          5.0731e-04
            921          5.1055e-04
            922          5.1109e-04
            923          5.0996e-04
            924          5.0723e-04
            925          5.0741e-04
            926          5.0587e-04
            927          5.0685e-04
            928          5.0536e-04
            929          5.0488e-04
            930          5.0732e-04
            931          5.0400e-04
            932          5.0330e-04
            933          5.0386e-04
            934          5.0253e-04
            935          5.0223e-04
            936          5.0249e-04
            937          5.0211e-04
            938          5.0081e-04
            939          4.9953e-04
            940          4.9967e-04
            941          4.9947e-04
            942          4.9752e-04
            943          4.9838e-04
            944          4.9910e-04
            945          4.9547e-04
            946          4.9636e-04
            947          4.9770e-04
            948          4.9478e-04
            949          4.9618e-04
            950          4.9592e-04
            951          4.9471e-04
            952          4.9507e-04
            953          4.9219e-04
            954          4.9164e-04
            955          4.9409e-04
            956          4.9190e-04
            957          4.8917e-04
            958          4.8807e-04
            959          4.8832e-04
            960          4.8863e-04
            961          4.8826e-04
            962          4.8706e-04
            963          4.8625e-04
            964          4.8740e-04
            965          4.8753e-04
            966          4.8668e-04
            967          4.8512e-04
            968          4.8683e-04
            969          4.8331e-04
            970          4.8275e-04
            971          4.8444e-04
            972          4.8309e-04
            973          4.8434e-04
            974          4.8301e-04
            975          4.8017e-04
            976          4.8152e-04
            977          4.7827e-04
            978          4.7831e-04
            979          4.7849e-04
            980          4.7984e-04
            981          4.7868e-04
            982          4.7776e-04
            983          4.7732e-04
            984          4.7725e-04
            985          4.7661e-04
            986          4.7462e-04
            987          4.7429e-04
            988          4.7771e-04
            989          4.7604e-04
            990          4.7352e-04
            991          4.7617e-04
            992          4.7480e-04
            993          4.7187e-04
            994          4.7056e-04
            995          4.7092e-04
            996          4.7146e-04
            997          4.7128e-04
            998          4.7139e-04
            999          4.7013e-04
           1000          4.7069e-04
