              0          1.0000e+00
              1          2.5740e-01
              2          1.5275e-01
              3          1.0512e-01
              4          7.9661e-02
              5          6.3649e-02
              6          5.3055e-02
              7          4.5646e-02
              8          4.0083e-02
              9          3.6079e-02
             10          3.2804e-02
             11          3.0076e-02
             12          2.7760e-02
             13          2.5833e-02
             14          2.4330e-02
             15          2.2814e-02
             16          2.1525e-02
             17          2.0365e-02
             18          1.9373e-02
             19          1.8513e-02
             20          1.7720e-02
             21          1.6909e-02
             22          1.6179e-02
             23          1.5565e-02
             24          1.4963e-02
             25          1.4414e-02
             26          1.3910e-02
             27          1.3489e-02
             28          1.3040e-02
             29          1.2621e-02
             30          1.2229e-02
             31          1.1877e-02
             32          1.1507e-02
             33          1.1222e-02
             34          1.0893e-02
             35          1.0635e-02
             36          1.0353e-02
             37          1.0090e-02
             38          9.8204e-03
             39          9.5944e-03
             40          9.3808e-03
             41          9.1864e-03
             42          8.9646e-03
             43          8.7610e-03
             44          8.6093e-03
             45          8.4205e-03
             46          8.2482e-03
             47          8.0648e-03
             48          7.9278e-03
             49          7.7749e-03
             50          7.6236e-03
             51          7.4603e-03
             52          7.3327e-03
             53          7.2055e-03
             54          7.0781e-03
             55          6.9450e-03
             56          6.8368e-03
             57          6.7145e-03
             58          6.5818e-03
             59          6.4916e-03
             60          6.3842e-03
             61          6.2940e-03
             62          6.1830e-03
             63          6.0818e-03
             64          6.0137e-03
             65          5.9035e-03
             66          5.8033e-03
             67          5.7129e-03
             68          5.6469e-03
             69          5.5390e-03
             70          5.4683e-03
             71          5.3956e-03
             72          5.3048e-03
             73          5.2274e-03
             74          5.1523e-03
             75          5.0778e-03
             76          5.0068e-03
             77          4.9674e-03
             78          4.8940e-03
             79          4.8233e-03
             80          4.7471e-03
             81          4.6871e-03
             82          4.6437e-03
             83          4.5849e-03
             84          4.5133e-03
             85          4.4635e-03
             86          4.4019e-03
             87          4.3574e-03
             88          4.3042e-03
             89          4.2408e-03
             90          4.2012e-03
             91          4.1553e-03
             92          4.1060e-03
             93          4.0461e-03
             94          3.9924e-03
             95          3.9466e-03
             96          3.9221e-03
             97          3.8610e-03
             98          3.8266e-03
             99          3.7796e-03
            100          3.7288e-03
            101          3.6819e-03
            102          3.6437e-03
            103          3.6055e-03
            104          3.5718e-03
            105          3.5424e-03
            106          3.4853e-03
            107          3.4646e-03
            108          3.4110e-03
            109          3.3761e-03
            110          3.3498e-03
            111          3.3180e-03
            112          3.2751e-03
            113          3.2509e-03
            114          3.2188e-03
            115          3.1849e-03
            116          3.1442e-03
            117          3.1049e-03
            118          3.0774e-03
            119          3.0543e-03
            120          3.0315e-03
            121          2.9982e-03
            122          2.9675e-03
            123          2.9386e-03
            124          2.9019e-03
            125          2.8819e-03
            126          2.8607e-03
            127          2.8291e-03
            128          2.7968e-03
            129          2.7779e-03
            130          2.7468e-03
            131          2.7339e-03
            132          2.7002e-03
            133          2.6638e-03
            134          2.6570e-03
            135          2.6158e-03
            136          2.6018e-03
            137          2.5778e-03
            138          2.5593e-03
            139          2.5294e-03
            140          2.5072e-03
            141          2.4897e-03
            142          2.4762e-03
            143          2.4475e-03
            144          2.4243e-03
            145          2.4135e-03
            146          2.3872e-03
            147          2.3700e-03
            148          2.3436e-03
            149          2.3207e-03
            150          2.2994e-03
            151          2.2761e-03
            152          2.2665e-03
            153          2.2509e-03
            154          2.2288e-03
            155          2.2047e-03
            156          2.1894e-03
            157          2.1756e-03
            158          2.1725e-03
            159          2.1442e-03
            160          2.1263e-03
            161          2.1042e-03
            162          2.0886e-03
            163          2.0737e-03
            164          2.0536e-03
            165          2.0396e-03
            166          2.0286e-03
            167          2.0064e-03
            168          1.9945e-03
            169          1.9727e-03
            170          1.9643e-03
            171          1.9490e-03
            172          1.9277e-03
            173          1.9209e-03
            174          1.9002e-03
            175          1.8902e-03
            176          1.8758e-03
            177          1.8614e-03
            178          1.8462e-03
            179          1.8258e-03
            180          1.8160e-03
            181          1.8113e-03
            182          1.7982e-03
            183          1.7775e-03
            184          1.7708e-03
            185          1.7546e-03
            186          1.7440e-03
            187          1.7296e-03
            188          1.7184e-03
            189          1.7044e-03
            190          1.6942e-03
            191          1.6780e-03
            192          1.6637e-03
            193          1.6504e-03
            194          1.6445e-03
            195          1.6304e-03
            196          1.6236e-03
            197          1.6112e-03
            198          1.5991e-03
            199          1.5905e-03
            200          1.5832e-03
            201          1.5678e-03
            202          1.5624e-03
            203          1.5446e-03
            204          1.5380e-03
            205          1.5314e-03
            206          1.5172e-03
            207          1.5097e-03
            208          1.4964e-03
            209          1.4845e-03
            210          1.4738e-03
            211          1.4679e-03
            212          1.4608e-03
            213          1.4488e-03
            214          1.4393e-03
            215          1.4265e-03
            216          1.4193e-03
            217          1.4120e-03
            218          1.4093e-03
            219          1.3987e-03
            220          1.3862e-03
            221          1.3737e-03
            222          1.3597e-03
            223          1.3610e-03
            224          1.3475e-03
            225          1.3463e-03
            226          1.3341e-03
            227          1.3275e-03
            228          1.3202e-03
            229          1.3116e-03
            230          1.2994e-03
            231          1.2910e-03
            232          1.2873e-03
            233          1.2744e-03
            234          1.2755e-03
            235          1.2586e-03
            236          1.2541e-03
            237          1.2529e-03
            238          1.2382e-03
            239          1.2361e-03
            240          1.2270e-03
            241          1.2164e-03
            242          1.2101e-03
            243          1.2035e-03
            244          1.1928e-03
            245          1.1894e-03
            246          1.1805e-03
            247          1.1758e-03
            248          1.1685e-03
            249          1.1654e-03
            250          1.1562e-03
            251          1.1498e-03
            252          1.1405e-03
            253          1.1350e-03
            254          1.1301e-03
            255          1.1191e-03
            256          1.1148e-03
            257          1.1091e-03
            258          1.1033e-03
            259          1.0951e-03
            260          1.0890e-03
            261          1.0849e-03
            262          1.0776e-03
            263          1.0709e-03
            264          1.0650e-03
            265          1.0605e-03
            266          1.0555e-03
            267          1.0558e-03
            268          1.0409e-03
            269          1.0397e-03
            270          1.0298e-03
            271          1.0251e-03
            272          1.0216e-03
            273          1.0136e-03
            274          1.0136e-03
            275          1.0042e-03
            276          9.9837e-04
            277          9.9141e-04
            278          9.9082e-04
            279          9.8257e-04
            280          9.7716e-04
            281          9.7824e-04
            282          9.6933e-04
            283          9.6609e-04
            284          9.6411e-04
            285          9.5629e-04
            286          9.4528e-04
            287          9.4120e-04
            288          9.3831e-04
            289          9.3242e-04
            290          9.2468e-04
            291          9.2557e-04
            292          9.2142e-04
            293          9.1795e-04
            294          9.1710e-04
            295          9.0559e-04
            296          9.0086e-04
            297          8.9743e-04
            298          8.9252e-04
            299          8.8487e-04
            300          8.8113e-04
            301          8.8108e-04
            302          8.7412e-04
            303          8.7085e-04
            304          8.6995e-04
            305          8.6163e-04
            306          8.6220e-04
            307          8.5364e-04
            308          8.5255e-04
            309          8.3959e-04
            310          8.3670e-04
            311          8.3515e-04
            312          8.3297e-04
            313          8.2571e-04
            314          8.2909e-04
            315          8.1653e-04
            316          8.1863e-04
            317          8.1214e-04
            318          8.0544e-04
            319          8.0535e-04
            320          8.0204e-04
            321          7.9784e-04
            322          7.9079e-04
            323          7.8967e-04
            324          7.8380e-04
            325          7.8211e-04
            326          7.7665e-04
            327          7.7733e-04
            328          7.7350e-04
            329          7.6442e-04
            330          7.6724e-04
            331          7.6011e-04
            332          7.5645e-04
            333          7.5343e-04
            334          7.4721e-04
            335          7.4974e-04
            336          7.4423e-04
            337          7.4063e-04
            338          7.3465e-04
            339          7.3648e-04
            340          7.2623e-04
            341          7.2529e-04
            342          7.2148e-04
            343          7.2072e-04
            344          7.1457e-04
            345          7.1018e-04
            346          7.0924e-04
            347          7.0673e-04
            348          7.0415e-04
            349          6.9720e-04
            350          6.9691e-04
            351          6.9543e-04
            352          6.9129e-04
            353          6.8752e-04
            354          6.8685e-04
            355          6.8126e-04
            356          6.7452e-04
            357          6.7307e-04
            358          6.7579e-04
            359          6.7078e-04
            360          6.6421e-04
            361          6.6067e-04
            362          6.6231e-04
            363          6.5966e-04
            364          6.5540e-04
            365          6.5388e-04
            366          6.5046e-04
            367          6.5040e-04
            368          6.4726e-04
            369          6.4308e-04
            370          6.3896e-04
            371          6.3610e-04
            372          6.3206e-04
            373          6.2999e-04
            374          6.2747e-04
            375          6.2489e-04
            376          6.2300e-04
            377          6.2114e-04
            378          6.1541e-04
            379          6.1360e-04
            380          6.1128e-04
            381          6.0928e-04
            382          6.0307e-04
            383          6.0030e-04
            384          6.0221e-04
            385          6.0142e-04
            386          5.9874e-04
            387          5.9278e-04
            388          5.9359e-04
            389          5.8980e-04
            390          5.8731e-04
            391          5.8606e-04
            392          5.8261e-04
            393          5.7636e-04
            394          5.7529e-04
            395          5.7551e-04
            396          5.7291e-04
            397          5.6954e-04
            398          5.6720e-04
            399          5.6446e-04
            400          5.6396e-04
            401          5.6098e-04
            402          5.5782e-04
            403          5.5638e-04
            404          5.5590e-04
            405          5.5376e-04
            406          5.5093e-04
            407          5.4540e-04
            408          5.4471e-04
            409          5.4304e-04
            410          5.4009e-04
            411          5.3991e-04
            412          5.3597e-04
            413          5.3595e-04
            414          5.2978e-04
            415          5.3258e-04
            416          5.2705e-04
            417          5.2563e-04
            418          5.2559e-04
            419          5.2229e-04
            420          5.2099e-04
            421          5.1992e-04
            422          5.1593e-04
            423          5.1455e-04
            424          5.1362e-04
            425          5.0928e-04
            426          5.1042e-04
            427          5.0742e-04
            428          5.0734e-04
            429          5.0374e-04
            430          5.0169e-04
            431          4.9714e-04
            432          4.9663e-04
            433          4.9694e-04
            434          4.9406e-04
            435          4.9106e-04
            436          4.9039e-04
            437          4.8736e-04
            438          4.8365e-04
            439          4.8330e-04
            440          4.8410e-04
            441          4.8183e-04
            442          4.7853e-04
            443          4.7977e-04
            444          4.7820e-04
            445          4.7439e-04
            446          4.7385e-04
            447          4.6968e-04
            448          4.6936e-04
            449          4.6799e-04
            450          4.6479e-04
            451          4.6401e-04
            452          4.6369e-04
            453          4.6301e-04
            454          4.5931e-04
            455          4.5724e-04
            456          4.5689e-04
            457          4.5576e-04
            458          4.5458e-04
            459          4.4980e-04
            460          4.5043e-04
            461          4.4770e-04
            462          4.4640e-04
            463          4.4589e-04
            464          4.4367e-04
            465          4.4155e-04
            466          4.3788e-04
            467          4.3596e-04
            468          4.3643e-04
            469          4.3571e-04
            470          4.3431e-04
            471          4.3334e-04
            472          4.3067e-04
            473          4.2861e-04
            474          4.2741e-04
            475          4.2481e-04
            476          4.2402e-04
            477          4.2326e-04
            478          4.2157e-04
            479          4.2011e-04
            480          4.1916e-04
            481          4.1663e-04
            482          4.1424e-04
            483          4.1452e-04
            484          4.1324e-04
            485          4.1323e-04
            486          4.0986e-04
            487          4.0793e-04
            488          4.0771e-04
            489          4.0701e-04
            490          4.0391e-04
            491          4.0478e-04
            492          4.0255e-04
            493          4.0095e-04
            494          3.9773e-04
            495          3.9877e-04
            496          3.9687e-04
            497          3.9664e-04
            498          3.9238e-04
            499          3.9300e-04
            500          3.9153e-04
            501          3.8975e-04
            502          3.9012e-04
            503          3.8650e-04
            504          3.8565e-04
            505          3.8464e-04
            506          3.8534e-04
            507          3.8331e-04
            508          3.7923e-04
            509          3.7742e-04
            510          3.7879e-04
            511          3.7700e-04
            512          3.7573e-04
            513          3.7496e-04
            514          3.7577e-04
            515          3.7255e-04
            516          3.7397e-04
            517          3.7116e-04
            518          3.6916e-04
            519          3.6797e-04
            520          3.6770e-04
            521          3.6620e-04
            522          3.6427e-04
            523          3.6470e-04
            524          3.6061e-04
            525          3.6272e-04
            526          3.6023e-04
            527          3.5870e-04
            528          3.5738e-04
            529          3.5569e-04
            530          3.5458e-04
            531          3.5590e-04
            532          3.5091e-04
            533          3.5182e-04
            534          3.4867e-04
            535          3.4947e-04
            536          3.4915e-04
            537          3.4695e-04
            538          3.4770e-04
            539          3.4575e-04
            540          3.4576e-04
            541          3.4240e-04
            542          3.4335e-04
            543          3.4117e-04
            544          3.4078e-04
            545          3.3969e-04
            546          3.3880e-04
            547          3.3707e-04
            548          3.3666e-04
            549          3.3461e-04
            550          3.3443e-04
            551          3.3207e-04
            552          3.3077e-04
            553          3.3138e-04
            554          3.2999e-04
            555          3.2847e-04
            556          3.2871e-04
            557          3.2956e-04
            558          3.2754e-04
            559          3.2575e-04
            560          3.2437e-04
            561          3.2348e-04
            562          3.2324e-04
            563          3.2156e-04
            564          3.2048e-04
            565          3.1945e-04
            566          3.1958e-04
            567          3.1861e-04
            568          3.1757e-04
            569          3.1629e-04
            570          3.1345e-04
            571          3.1438e-04
            572          3.1262e-04
            573          3.1171e-04
            574          3.1214e-04
            575          3.1098e-04
            576          3.0934e-04
            577          3.0957e-04
            578          3.0730e-04
            579          3.0642e-04
            580          3.0542e-04
            581          3.0610e-04
            582          3.0594e-04
            583          3.0410e-04
            584          3.0242e-04
            585          3.0112e-04
            586          3.0094e-04
            587          2.9903e-04
            588          2.9816e-04
            589          2.9933e-04
            590          2.9794e-04
            591          2.9654e-04
            592          2.9530e-04
            593          2.9455e-04
            594          2.9519e-04
            595          2.9382e-04
            596          2.9329e-04
            597          2.9209e-04
            598          2.9166e-04
            599          2.9075e-04
            600          2.9081e-04
            601          2.8978e-04
            602          2.8848e-04
            603          2.8639e-04
            604          2.8639e-04
            605          2.8555e-04
            606          2.8527e-04
            607          2.8428e-04
            608          2.8402e-04
            609          2.8208e-04
            610          2.8192e-04
            611          2.7962e-04
            612          2.8164e-04
            613          2.7983e-04
            614          2.7934e-04
            615          2.7751e-04
            616          2.7677e-04
            617          2.7660e-04
            618          2.7408e-04
            619          2.7521e-04
            620          2.7321e-04
            621          2.7337e-04
            622          2.7257e-04
            623          2.7200e-04
            624          2.7205e-04
            625          2.7085e-04
            626          2.6983e-04
            627          2.6900e-04
            628          2.6824e-04
            629          2.6907e-04
            630          2.6617e-04
            631          2.6582e-04
            632          2.6595e-04
            633          2.6513e-04
            634          2.6480e-04
            635          2.6423e-04
            636          2.6349e-04
            637          2.6305e-04
            638          2.6233e-04
            639          2.6248e-04
            640          2.6004e-04
            641          2.5930e-04
            642          2.5874e-04
            643          2.5984e-04
            644          2.5730e-04
            645          2.5735e-04
            646          2.5713e-04
            647          2.5641e-04
            648          2.5662e-04
            649          2.5607e-04
            650          2.5462e-04
            651          2.5343e-04
            652          2.5226e-04
            653          2.5328e-04
            654          2.5304e-04
            655          2.5065e-04
            656          2.5058e-04
            657          2.4866e-04
            658          2.4927e-04
            659          2.4790e-04
            660          2.4715e-04
            661          2.4592e-04
            662          2.4705e-04
            663          2.4585e-04
            664          2.4540e-04
            665          2.4506e-04
            666          2.4332e-04
            667          2.4428e-04
            668          2.4304e-04
            669          2.4098e-04
            670          2.4247e-04
            671          2.4209e-04
            672          2.4049e-04
            673          2.3834e-04
            674          2.3963e-04
            675          2.3843e-04
            676          2.3807e-04
            677          2.3679e-04
            678          2.3694e-04
            679          2.3651e-04
            680          2.3589e-04
            681          2.3522e-04
            682          2.3440e-04
            683          2.3479e-04
            684          2.3410e-04
            685          2.3239e-04
            686          2.3299e-04
            687          2.3188e-04
            688          2.3134e-04
            689          2.3070e-04
            690          2.3110e-04
            691          2.2963e-04
            692          2.2851e-04
            693          2.2864e-04
            694          2.2935e-04
            695          2.2833e-04
            696          2.2709e-04
            697          2.2714e-04
            698          2.2609e-04
            699          2.2670e-04
            700          2.2362e-04
            701          2.2473e-04
            702          2.2407e-04
            703          2.2438e-04
            704          2.2253e-04
            705          2.2247e-04
            706          2.2221e-04
            707          2.2161e-04
            708          2.2073e-04
            709          2.1934e-04
            710          2.2025e-04
            711          2.1913e-04
            712          2.1941e-04
            713          2.1828e-04
            714          2.1870e-04
            715          2.1838e-04
            716          2.1656e-04
            717          2.1814e-04
            718          2.1654e-04
            719          2.1542e-04
            720          2.1496e-04
            721          2.1441e-04
            722          2.1477e-04
            723          2.1380e-04
            724          2.1414e-04
            725          2.1263e-04
            726          2.1232e-04
            727          2.1223e-04
            728          2.1202e-04
            729          2.1053e-04
            730          2.1072e-04
            731          2.1080e-04
            732          2.0948e-04
            733          2.1022e-04
            734          2.0885e-04
            735          2.0882e-04
            736          2.0799e-04
            737          2.0833e-04
            738          2.0783e-04
            739          2.0618e-04
            740          2.0666e-04
            741          2.0656e-04
            742          2.0525e-04
            743          2.0621e-04
            744          2.0456e-04
            745          2.0330e-04
            746          2.0293e-04
            747          2.0287e-04
            748          2.0147e-04
            749          2.0229e-04
            750          2.0225e-04
            751          2.0201e-04
            752          2.0153e-04
            753          2.0113e-04
            754          1.9974e-04
            755          1.9999e-04
            756          1.9892e-04
            757          1.9847e-04
            758          1.9757e-04
            759          1.9803e-04
            760          1.9852e-04
            761          1.9788e-04
            762          1.9660e-04
            763          1.9538e-04
            764          1.9621e-04
            765          1.9551e-04
            766          1.9597e-04
            767          1.9407e-04
            768          1.9447e-04
            769          1.9479e-04
            770          1.9266e-04
            771          1.9272e-04
            772          1.9278e-04
            773          1.9205e-04
            774          1.9281e-04
            775          1.9256e-04
            776          1.9136e-04
            777          1.9159e-04
            778          1.9025e-04
            779          1.9063e-04
            780          1.9011e-04
            781          1.8851e-04
            782          1.8880e-04
            783          1.8824e-04
            784          1.8889e-04
            785          1.8756e-04
            786          1.8696e-04
            787          1.8652e-04
            788          1.8694e-04
            789          1.8676e-04
            790          1.8597e-04
            791          1.8577e-04
            792          1.8556e-04
            793          1.8523e-04
            794          1.8507e-04
            795          1.8486e-04
            796          1.8362e-04
            797          1.8350e-04
            798          1.8327e-04
            799          1.8226e-04
            800          1.8297e-04
            801          1.8250e-04
            802          1.8231e-04
            803          1.8115e-04
            804          1.8056e-04
            805          1.8039e-04
            806          1.8131e-04
            807          1.8027e-04
            808          1.7992e-04
            809          1.8052e-04
            810          1.7963e-04
            811          1.7819e-04
            812          1.7828e-04
            813          1.7768e-04
            814          1.7673e-04
            815          1.7691e-04
            816          1.7741e-04
            817          1.7620e-04
            818          1.7680e-04
            819          1.7578e-04
            820          1.7579e-04
            821          1.7514e-04
            822          1.7507e-04
            823          1.7324e-04
            824          1.7526e-04
            825          1.7451e-04
            826          1.7395e-04
            827          1.7298e-04
            828          1.7257e-04
            829          1.7305e-04
            830          1.7351e-04
            831          1.7202e-04
            832          1.7192e-04
            833          1.7167e-04
            834          1.7166e-04
            835          1.7117e-04
            836          1.7031e-04
            837          1.7117e-04
            838          1.7001e-04
            839          1.7006e-04
            840          1.6971e-04
            841          1.6942e-04
            842          1.6909e-04
            843          1.6820e-04
            844          1.6785e-04
            845          1.6778e-04
            846          1.6760e-04
            847          1.6681e-04
            848          1.6731e-04
            849          1.6625e-04
            850          1.6625e-04
            851          1.6575e-04
            852          1.6590e-04
            853          1.6505e-04
            854          1.6549e-04
            855          1.6487e-04
            856          1.6375e-04
            857          1.6436e-04
            858          1.6461e-04
            859          1.6473e-04
            860          1.6366e-04
            861          1.6287e-04
            862          1.6261e-04
            863          1.6235e-04
            864          1.6344e-04
            865          1.6230e-04
            866          1.6243e-04
            867          1.6138e-04
            868          1.6027e-04
            869          1.6069e-04
            870          1.6038e-04
            871          1.6014e-04
            872          1.6005e-04
            873          1.5998e-04
            874          1.5963e-04
            875          1.5985e-04
            876          1.5887e-04
            877          1.5845e-04
            878          1.5909e-04
            879          1.5807e-04
            880          1.5799e-04
            881          1.5745e-04
            882          1.5719e-04
            883          1.5683e-04
            884          1.5708e-04
            885          1.5592e-04
            886          1.5623e-04
            887          1.5563e-04
            888          1.5579e-04
            889          1.5585e-04
            890          1.5497e-04
            891          1.5496e-04
            892          1.5463e-04
            893          1.5457e-04
            894          1.5451e-04
            895          1.5414e-04
            896          1.5448e-04
            897          1.5314e-04
            898          1.5409e-04
            899          1.5193e-04
            900          1.5228e-04
            901          1.5214e-04
            902          1.5213e-04
            903          1.5224e-04
            904          1.5159e-04
            905          1.5194e-04
            906          1.5141e-04
            907          1.5129e-04
            908          1.5090e-04
            909          1.5102e-04
            910          1.5011e-04
            911          1.4986e-04
            912          1.5016e-04
            913          1.4955e-04
            914          1.4861e-04
            915          1.4981e-04
            916          1.4818e-04
            917          1.4877e-04
            918          1.4781e-04
            919          1.4785e-04
            920          1.4775e-04
            921          1.4768e-04
            922          1.4691e-04
            923          1.4711e-04
            924          1.4716e-04
            925          1.4648e-04
            926          1.4756e-04
            927          1.4679e-04
            928          1.4619e-04
            929          1.4569e-04
            930          1.4509e-04
            931          1.4573e-04
            932          1.4529e-04
            933          1.4410e-04
            934          1.4524e-04
            935          1.4390e-04
            936          1.4394e-04
            937          1.4416e-04
            938          1.4344e-04
            939          1.4421e-04
            940          1.4362e-04
            941          1.4349e-04
            942          1.4280e-04
            943          1.4248e-04
            944          1.4238e-04
            945          1.4197e-04
            946          1.4178e-04
            947          1.4216e-04
            948          1.4093e-04
            949          1.4168e-04
            950          1.4042e-04
            951          1.4070e-04
            952          1.4078e-04
            953          1.4019e-04
            954          1.4117e-04
            955          1.4046e-04
            956          1.4009e-04
            957          1.3959e-04
            958          1.3925e-04
            959          1.3951e-04
            960          1.3960e-04
            961          1.3868e-04
            962          1.3850e-04
            963          1.3841e-04
            964          1.3828e-04
            965          1.3762e-04
            966          1.3842e-04
            967          1.3818e-04
            968          1.3736e-04
            969          1.3716e-04
            970          1.3744e-04
            971          1.3666e-04
            972          1.3614e-04
            973          1.3618e-04
            974          1.3576e-04
            975          1.3604e-04
            976          1.3589e-04
            977          1.3614e-04
            978          1.3538e-04
            979          1.3463e-04
            980          1.3497e-04
            981          1.3451e-04
            982          1.3500e-04
            983          1.3421e-04
            984          1.3430e-04
            985          1.3393e-04
            986          1.3420e-04
            987          1.3379e-04
            988          1.3364e-04
            989          1.3313e-04
            990          1.3283e-04
            991          1.3277e-04
            992          1.3228e-04
            993          1.3300e-04
            994          1.3253e-04
            995          1.3211e-04
            996          1.3150e-04
            997          1.3205e-04
            998          1.3180e-04
            999          1.3149e-04
           1000          1.3121e-04
