              0          1.0000e+00
              1          2.5665e-01
              2          1.5201e-01
              3          1.0495e-01
              4          7.8720e-02
              5          6.3157e-02
              6          5.2855e-02
              7          4.5463e-02
              8          4.0000e-02
              9          3.5828e-02
             10          3.2519e-02
             11          2.9860e-02
             12          2.7551e-02
             13          2.5793e-02
             14          2.4061e-02
             15          2.2685e-02
             16          2.1491e-02
             17          2.0322e-02
             18          1.9373e-02
             19          1.8509e-02
             20          1.7629e-02
             21          1.6820e-02
             22          1.6103e-02
             23          1.5525e-02
             24          1.4899e-02
             25          1.4373e-02
             26          1.3840e-02
             27          1.3407e-02
             28          1.2950e-02
             29          1.2568e-02
             30          1.2184e-02
             31          1.1794e-02
             32          1.1509e-02
             33          1.1221e-02
             34          1.0912e-02
             35          1.0593e-02
             36          1.0311e-02
             37          1.0092e-02
             38          9.8252e-03
             39          9.5879e-03
             40          9.3344e-03
             41          9.1426e-03
             42          8.9311e-03
             43          8.7707e-03
             44          8.5552e-03
             45          8.3842e-03
             46          8.2190e-03
             47          8.0474e-03
             48          7.8841e-03
             49          7.7697e-03
             50          7.5947e-03
             51          7.4588e-03
             52          7.3142e-03
             53          7.1747e-03
             54          7.0372e-03
             55          6.9284e-03
             56          6.8293e-03
             57          6.6972e-03
             58          6.5937e-03
             59          6.4886e-03
             60          6.3721e-03
             61          6.2553e-03
             62          6.1889e-03
             63          6.0671e-03
             64          5.9809e-03
             65          5.8889e-03
             66          5.7938e-03
             67          5.7166e-03
             68          5.6322e-03
             69          5.5426e-03
             70          5.4524e-03
             71          5.3640e-03
             72          5.3124e-03
             73          5.2248e-03
             74          5.1531e-03
             75          5.0754e-03
             76          4.9986e-03
             77          4.9489e-03
             78          4.8923e-03
             79          4.8260e-03
             80          4.7527e-03
             81          4.6749e-03
             82          4.6317e-03
             83          4.5660e-03
             84          4.5000e-03
             85          4.4692e-03
             86          4.4054e-03
             87          4.3535e-03
             88          4.2917e-03
             89          4.2531e-03
             90          4.1956e-03
             91          4.1461e-03
             92          4.0909e-03
             93          4.0390e-03
             94          4.0018e-03
             95          3.9481e-03
             96          3.9183e-03
             97          3.8632e-03
             98          3.8292e-03
             99          3.7707e-03
            100          3.7209e-03
            101          3.6929e-03
            102          3.6561e-03
            103          3.6131e-03
            104          3.5649e-03
            105          3.5346e-03
            106          3.5067e-03
            107          3.4494e-03
            108          3.4177e-03
            109          3.3788e-03
            110          3.3462e-03
            111          3.3235e-03
            112          3.2907e-03
            113          3.2494e-03
            114          3.2147e-03
            115          3.1753e-03
            116          3.1371e-03
            117          3.1123e-03
            118          3.0822e-03
            119          3.0656e-03
            120          3.0314e-03
            121          2.9893e-03
            122          2.9726e-03
            123          2.9284e-03
            124          2.9121e-03
            125          2.8820e-03
            126          2.8491e-03
            127          2.8264e-03
            128          2.8130e-03
            129          2.7801e-03
            130          2.7528e-03
            131          2.7316e-03
            132          2.7089e-03
            133          2.6774e-03
            134          2.6536e-03
            135          2.6238e-03
            136          2.6082e-03
            137          2.5826e-03
            138          2.5517e-03
            139          2.5307e-03
            140          2.5103e-03
            141          2.4915e-03
            142          2.4746e-03
            143          2.4436e-03
            144          2.4195e-03
            145          2.3973e-03
            146          2.3819e-03
            147          2.3614e-03
            148          2.3429e-03
            149          2.3082e-03
            150          2.2997e-03
            151          2.2851e-03
            152          2.2637e-03
            153          2.2450e-03
            154          2.2289e-03
            155          2.2121e-03
            156          2.1906e-03
            157          2.1730e-03
            158          2.1623e-03
            159          2.1389e-03
            160          2.1130e-03
            161          2.1037e-03
            162          2.0869e-03
            163          2.0694e-03
            164          2.0574e-03
            165          2.0480e-03
            166          2.0276e-03
            167          2.0033e-03
            168          1.9858e-03
            169          1.9682e-03
            170          1.9632e-03
            171          1.9434e-03
            172          1.9352e-03
            173          1.9094e-03
            174          1.9081e-03
            175          1.8872e-03
            176          1.8755e-03
            177          1.8607e-03
            178          1.8480e-03
            179          1.8365e-03
            180          1.8214e-03
            181          1.8061e-03
            182          1.7948e-03
            183          1.7837e-03
            184          1.7695e-03
            185          1.7577e-03
            186          1.7431e-03
            187          1.7307e-03
            188          1.7197e-03
            189          1.6976e-03
            190          1.6901e-03
            191          1.6868e-03
            192          1.6721e-03
            193          1.6700e-03
            194          1.6533e-03
            195          1.6379e-03
            196          1.6191e-03
            197          1.6141e-03
            198          1.5989e-03
            199          1.5873e-03
            200          1.5903e-03
            201          1.5713e-03
            202          1.5625e-03
            203          1.5430e-03
            204          1.5375e-03
            205          1.5214e-03
            206          1.5170e-03
            207          1.5092e-03
            208          1.4975e-03
            209          1.4827e-03
            210          1.4755e-03
            211          1.4710e-03
            212          1.4579e-03
            213          1.4472e-03
            214          1.4327e-03
            215          1.4280e-03
            216          1.4275e-03
            217          1.4075e-03
            218          1.3996e-03
            219          1.3953e-03
            220          1.3857e-03
            221          1.3812e-03
            222          1.3641e-03
            223          1.3624e-03
            224          1.3486e-03
            225          1.3476e-03
            226          1.3299e-03
            227          1.3290e-03
            228          1.3215e-03
            229          1.3130e-03
            230          1.3031e-03
            231          1.2945e-03
            232          1.2949e-03
            233          1.2735e-03
            234          1.2696e-03
            235          1.2557e-03
            236          1.2534e-03
            237          1.2477e-03
            238          1.2387e-03
            239          1.2319e-03
            240          1.2239e-03
            241          1.2234e-03
            242          1.2126e-03
            243          1.1981e-03
            244          1.1945e-03
            245          1.1896e-03
            246          1.1835e-03
            247          1.1794e-03
            248          1.1755e-03
            249          1.1632e-03
            250          1.1558e-03
            251          1.1507e-03
            252          1.1457e-03
            253          1.1414e-03
            254          1.1275e-03
            255          1.1177e-03
            256          1.1165e-03
            257          1.1111e-03
            258          1.1061e-03
            259          1.1013e-03
            260          1.0889e-03
            261          1.0825e-03
            262          1.0845e-03
            263          1.0766e-03
            264          1.0699e-03
            265          1.0677e-03
            266          1.0579e-03
            267          1.0535e-03
            268          1.0430e-03
            269          1.0376e-03
            270          1.0370e-03
            271          1.0341e-03
            272          1.0279e-03
            273          1.0182e-03
            274          1.0104e-03
            275          1.0066e-03
            276          9.9976e-04
            277          9.9408e-04
            278          9.9405e-04
            279          9.8210e-04
            280          9.8219e-04
            281          9.7734e-04
            282          9.7330e-04
            283          9.7022e-04
            284          9.6428e-04
            285          9.5397e-04
            286          9.4753e-04
            287          9.4454e-04
            288          9.4037e-04
            289          9.3597e-04
            290          9.3125e-04
            291          9.2949e-04
            292          9.2105e-04
            293          9.2041e-04
            294          9.1200e-04
            295          9.1098e-04
            296          9.0356e-04
            297          8.9620e-04
            298          8.8912e-04
            299          8.8942e-04
            300          8.8716e-04
            301          8.7630e-04
            302          8.7217e-04
            303          8.6690e-04
            304          8.6776e-04
            305          8.6421e-04
            306          8.6211e-04
            307          8.5724e-04
            308          8.5381e-04
            309          8.4684e-04
            310          8.4001e-04
            311          8.3618e-04
            312          8.3692e-04
            313          8.2903e-04
            314          8.2735e-04
            315          8.2465e-04
            316          8.1650e-04
            317          8.1295e-04
            318          8.0928e-04
            319          8.0482e-04
            320          8.0770e-04
            321          7.9553e-04
            322          7.9401e-04
            323          7.9851e-04
            324          7.8386e-04
            325          7.8466e-04
            326          7.7784e-04
            327          7.7698e-04
            328          7.7258e-04
            329          7.6993e-04
            330          7.7002e-04
            331          7.5878e-04
            332          7.5561e-04
            333          7.5538e-04
            334          7.4954e-04
            335          7.4851e-04
            336          7.4677e-04
            337          7.3839e-04
            338          7.3260e-04
            339          7.2994e-04
            340          7.2715e-04
            341          7.2748e-04
            342          7.2414e-04
            343          7.1857e-04
            344          7.1962e-04
            345          7.1424e-04
            346          7.0841e-04
            347          7.0755e-04
            348          7.0684e-04
            349          7.0426e-04
            350          7.0005e-04
            351          6.9585e-04
            352          6.9308e-04
            353          6.8705e-04
            354          6.8501e-04
            355          6.8207e-04
            356          6.7715e-04
            357          6.7399e-04
            358          6.7355e-04
            359          6.6912e-04
            360          6.6692e-04
            361          6.6492e-04
            362          6.6027e-04
            363          6.5498e-04
            364          6.5373e-04
            365          6.5680e-04
            366          6.5272e-04
            367          6.4906e-04
            368          6.4510e-04
            369          6.4244e-04
            370          6.4083e-04
            371          6.3298e-04
            372          6.3481e-04
            373          6.3346e-04
            374          6.2933e-04
            375          6.2614e-04
            376          6.2373e-04
            377          6.2017e-04
            378          6.1522e-04
            379          6.1456e-04
            380          6.1321e-04
            381          6.1083e-04
            382          6.0856e-04
            383          6.0705e-04
            384          6.0269e-04
            385          5.9962e-04
            386          5.9897e-04
            387          5.9487e-04
            388          5.9133e-04
            389          5.9182e-04
            390          5.9002e-04
            391          5.8723e-04
            392          5.8651e-04
            393          5.8176e-04
            394          5.8070e-04
            395          5.7557e-04
            396          5.7277e-04
            397          5.7082e-04
            398          5.6720e-04
            399          5.6470e-04
            400          5.6119e-04
            401          5.6124e-04
            402          5.6037e-04
            403          5.5728e-04
            404          5.5204e-04
            405          5.5087e-04
            406          5.5100e-04
            407          5.4715e-04
            408          5.4538e-04
            409          5.4410e-04
            410          5.4122e-04
            411          5.4354e-04
            412          5.3604e-04
            413          5.3386e-04
            414          5.3311e-04
            415          5.2895e-04
            416          5.3201e-04
            417          5.2499e-04
            418          5.2648e-04
            419          5.2324e-04
            420          5.2100e-04
            421          5.1833e-04
            422          5.1540e-04
            423          5.1281e-04
            424          5.1402e-04
            425          5.1033e-04
            426          5.0960e-04
            427          5.0910e-04
            428          5.0452e-04
            429          5.0526e-04
            430          5.0040e-04
            431          5.0007e-04
            432          4.9959e-04
            433          4.9650e-04
            434          4.9364e-04
            435          4.9184e-04
            436          4.8788e-04
            437          4.8727e-04
            438          4.8787e-04
            439          4.8507e-04
            440          4.8192e-04
            441          4.8271e-04
            442          4.7820e-04
            443          4.7652e-04
            444          4.7588e-04
            445          4.7568e-04
            446          4.7263e-04
            447          4.6867e-04
            448          4.6956e-04
            449          4.7016e-04
            450          4.6455e-04
            451          4.6341e-04
            452          4.6111e-04
            453          4.5998e-04
            454          4.5948e-04
            455          4.5651e-04
            456          4.5403e-04
            457          4.5387e-04
            458          4.5342e-04
            459          4.5271e-04
            460          4.4996e-04
            461          4.4914e-04
            462          4.4645e-04
            463          4.4581e-04
            464          4.4031e-04
            465          4.4101e-04
            466          4.4025e-04
            467          4.3716e-04
            468          4.4029e-04
            469          4.3460e-04
            470          4.3546e-04
            471          4.3213e-04
            472          4.3044e-04
            473          4.2895e-04
            474          4.2777e-04
            475          4.2578e-04
            476          4.2560e-04
            477          4.2291e-04
            478          4.2170e-04
            479          4.2010e-04
            480          4.1627e-04
            481          4.1710e-04
            482          4.1510e-04
            483          4.1496e-04
            484          4.1458e-04
            485          4.1179e-04
            486          4.1071e-04
            487          4.0764e-04
            488          4.0833e-04
            489          4.0872e-04
            490          4.0605e-04
            491          4.0545e-04
            492          4.0342e-04
            493          4.0209e-04
            494          3.9965e-04
            495          3.9837e-04
            496          3.9776e-04
            497          3.9483e-04
            498          3.9569e-04
            499          3.9213e-04
            500          3.9059e-04
            501          3.8913e-04
            502          3.8924e-04
            503          3.8969e-04
            504          3.8589e-04
            505          3.8556e-04
            506          3.8654e-04
            507          3.8410e-04
            508          3.8214e-04
            509          3.8080e-04
            510          3.7926e-04
            511          3.7940e-04
            512          3.7919e-04
            513          3.7459e-04
            514          3.7264e-04
            515          3.7422e-04
            516          3.7156e-04
            517          3.6989e-04
            518          3.7073e-04
            519          3.6883e-04
            520          3.6679e-04
            521          3.6598e-04
            522          3.6523e-04
            523          3.6418e-04
            524          3.6207e-04
            525          3.6038e-04
            526          3.6014e-04
            527          3.5991e-04
            528          3.5766e-04
            529          3.5598e-04
            530          3.5728e-04
            531          3.5437e-04
            532          3.5341e-04
            533          3.5198e-04
            534          3.5308e-04
            535          3.4928e-04
            536          3.4814e-04
            537          3.4892e-04
            538          3.4923e-04
            539          3.4433e-04
            540          3.4390e-04
            541          3.4281e-04
            542          3.4320e-04
            543          3.4012e-04
            544          3.4046e-04
            545          3.3858e-04
            546          3.3768e-04
            547          3.3723e-04
            548          3.3687e-04
            549          3.3432e-04
            550          3.3248e-04
            551          3.3207e-04
            552          3.3119e-04
            553          3.2933e-04
            554          3.2970e-04
            555          3.2873e-04
            556          3.2954e-04
            557          3.2729e-04
            558          3.2675e-04
            559          3.2321e-04
            560          3.2481e-04
            561          3.2446e-04
            562          3.2322e-04
            563          3.2122e-04
            564          3.2042e-04
            565          3.2044e-04
            566          3.1883e-04
            567          3.1760e-04
            568          3.1803e-04
            569          3.1575e-04
            570          3.1474e-04
            571          3.1266e-04
            572          3.1309e-04
            573          3.1243e-04
            574          3.1084e-04
            575          3.0954e-04
            576          3.0915e-04
            577          3.0912e-04
            578          3.0873e-04
            579          3.0704e-04
            580          3.0479e-04
            581          3.0504e-04
            582          3.0415e-04
            583          3.0450e-04
            584          3.0282e-04
            585          3.0161e-04
            586          2.9937e-04
            587          2.9914e-04
            588          2.9914e-04
            589          2.9862e-04
            590          2.9808e-04
            591          2.9678e-04
            592          2.9705e-04
            593          2.9667e-04
            594          2.9469e-04
            595          2.9404e-04
            596          2.9242e-04
            597          2.9089e-04
            598          2.9179e-04
            599          2.9103e-04
            600          2.8911e-04
            601          2.8719e-04
            602          2.8677e-04
            603          2.8689e-04
            604          2.8515e-04
            605          2.8548e-04
            606          2.8475e-04
            607          2.8189e-04
            608          2.8346e-04
            609          2.8220e-04
            610          2.8160e-04
            611          2.8136e-04
            612          2.8017e-04
            613          2.7920e-04
            614          2.7874e-04
            615          2.7754e-04
            616          2.7776e-04
            617          2.7605e-04
            618          2.7397e-04
            619          2.7424e-04
            620          2.7365e-04
            621          2.7386e-04
            622          2.7353e-04
            623          2.7194e-04
            624          2.7251e-04
            625          2.7067e-04
            626          2.6979e-04
            627          2.6738e-04
            628          2.6933e-04
            629          2.6875e-04
            630          2.6580e-04
            631          2.6707e-04
            632          2.6549e-04
            633          2.6468e-04
            634          2.6346e-04
            635          2.6321e-04
            636          2.6199e-04
            637          2.6174e-04
            638          2.6222e-04
            639          2.6025e-04
            640          2.6059e-04
            641          2.5920e-04
            642          2.5896e-04
            643          2.5754e-04
            644          2.5777e-04
            645          2.5654e-04
            646          2.5541e-04
            647          2.5495e-04
            648          2.5574e-04
            649          2.5416e-04
            650          2.5349e-04
            651          2.5288e-04
            652          2.5141e-04
            653          2.5102e-04
            654          2.5177e-04
            655          2.4946e-04
            656          2.5042e-04
            657          2.4866e-04
            658          2.4788e-04
            659          2.4667e-04
            660          2.4774e-04
            661          2.4602e-04
            662          2.4562e-04
            663          2.4508e-04
            664          2.4561e-04
            665          2.4343e-04
            666          2.4364e-04
            667          2.4307e-04
            668          2.4251e-04
            669          2.4091e-04
            670          2.4154e-04
            671          2.4099e-04
            672          2.4008e-04
            673          2.4016e-04
            674          2.3980e-04
            675          2.3911e-04
            676          2.3770e-04
            677          2.3599e-04
            678          2.3660e-04
            679          2.3587e-04
            680          2.3516e-04
            681          2.3461e-04
            682          2.3358e-04
            683          2.3323e-04
            684          2.3310e-04
            685          2.3244e-04
            686          2.3229e-04
            687          2.3071e-04
            688          2.3199e-04
            689          2.2972e-04
            690          2.2965e-04
            691          2.2910e-04
            692          2.2864e-04
            693          2.2780e-04
            694          2.2733e-04
            695          2.2733e-04
            696          2.2740e-04
            697          2.2662e-04
            698          2.2514e-04
            699          2.2497e-04
            700          2.2436e-04
            701          2.2451e-04
            702          2.2417e-04
            703          2.2317e-04
            704          2.2300e-04
            705          2.2250e-04
            706          2.2110e-04
            707          2.2002e-04
            708          2.1993e-04
            709          2.1991e-04
            710          2.2146e-04
            711          2.1829e-04
            712          2.1930e-04
            713          2.1886e-04
            714          2.1753e-04
            715          2.1721e-04
            716          2.1728e-04
            717          2.1674e-04
            718          2.1620e-04
            719          2.1657e-04
            720          2.1412e-04
            721          2.1474e-04
            722          2.1408e-04
            723          2.1302e-04
            724          2.1313e-04
            725          2.1288e-04
            726          2.1154e-04
            727          2.1228e-04
            728          2.1146e-04
            729          2.1094e-04
            730          2.0947e-04
            731          2.1044e-04
            732          2.0919e-04
            733          2.0849e-04
            734          2.0857e-04
            735          2.0733e-04
            736          2.0737e-04
            737          2.0595e-04
            738          2.0638e-04
            739          2.0624e-04
            740          2.0547e-04
            741          2.0501e-04
            742          2.0447e-04
            743          2.0422e-04
            744          2.0275e-04
            745          2.0277e-04
            746          2.0244e-04
            747          2.0208e-04
            748          2.0267e-04
            749          2.0175e-04
            750          2.0126e-04
            751          2.0069e-04
            752          2.0052e-04
            753          1.9987e-04
            754          2.0016e-04
            755          1.9920e-04
            756          1.9937e-04
            757          1.9822e-04
            758          1.9800e-04
            759          1.9699e-04
            760          1.9691e-04
            761          1.9610e-04
            762          1.9598e-04
            763          1.9533e-04
            764          1.9504e-04
            765          1.9512e-04
            766          1.9350e-04
            767          1.9449e-04
            768          1.9410e-04
            769          1.9294e-04
            770          1.9277e-04
            771          1.9241e-04
            772          1.9118e-04
            773          1.9257e-04
            774          1.9128e-04
            775          1.9138e-04
            776          1.9006e-04
            777          1.9038e-04
            778          1.9019e-04
            779          1.8958e-04
            780          1.8926e-04
            781          1.8873e-04
            782          1.8841e-04
            783          1.8798e-04
            784          1.8764e-04
            785          1.8684e-04
            786          1.8659e-04
            787          1.8616e-04
            788          1.8614e-04
            789          1.8636e-04
            790          1.8481e-04
            791          1.8551e-04
            792          1.8395e-04
            793          1.8395e-04
            794          1.8337e-04
            795          1.8343e-04
            796          1.8255e-04
            797          1.8227e-04
            798          1.8167e-04
            799          1.8189e-04
            800          1.8124e-04
            801          1.8121e-04
            802          1.8032e-04
            803          1.8088e-04
            804          1.8026e-04
            805          1.7973e-04
            806          1.8003e-04
            807          1.7949e-04
            808          1.7837e-04
            809          1.7940e-04
            810          1.7777e-04
            811          1.7890e-04
            812          1.7766e-04
            813          1.7724e-04
            814          1.7704e-04
            815          1.7554e-04
            816          1.7586e-04
            817          1.7555e-04
            818          1.7606e-04
            819          1.7611e-04
            820          1.7542e-04
            821          1.7543e-04
            822          1.7429e-04
            823          1.7435e-04
            824          1.7376e-04
            825          1.7404e-04
            826          1.7358e-04
            827          1.7215e-04
            828          1.7209e-04
            829          1.7308e-04
            830          1.7141e-04
            831          1.7137e-04
            832          1.7074e-04
            833          1.7152e-04
            834          1.6989e-04
            835          1.7050e-04
            836          1.7015e-04
            837          1.6964e-04
            838          1.6965e-04
            839          1.6910e-04
            840          1.6820e-04
            841          1.6817e-04
            842          1.6775e-04
            843          1.6764e-04
            844          1.6719e-04
            845          1.6701e-04
            846          1.6571e-04
            847          1.6650e-04
            848          1.6629e-04
            849          1.6620e-04
            850          1.6587e-04
            851          1.6545e-04
            852          1.6523e-04
            853          1.6435e-04
            854          1.6360e-04
            855          1.6340e-04
            856          1.6352e-04
            857          1.6402e-04
            858          1.6350e-04
            859          1.6283e-04
            860          1.6311e-04
            861          1.6253e-04
            862          1.6190e-04
            863          1.6216e-04
            864          1.6163e-04
            865          1.6114e-04
            866          1.6105e-04
            867          1.6067e-04
            868          1.6054e-04
            869          1.6042e-04
            870          1.6048e-04
            871          1.5898e-04
            872          1.5960e-04
            873          1.5933e-04
            874          1.5820e-04
            875          1.5778e-04
            876          1.5857e-04
            877          1.5748e-04
            878          1.5677e-04
            879          1.5696e-04
            880          1.5743e-04
            881          1.5691e-04
            882          1.5664e-04
            883          1.5615e-04
            884          1.5563e-04
            885          1.5580e-04
            886          1.5519e-04
            887          1.5488e-04
            888          1.5504e-04
            889          1.5506e-04
            890          1.5423e-04
            891          1.5398e-04
            892          1.5345e-04
            893          1.5368e-04
            894          1.5374e-04
            895          1.5365e-04
            896          1.5331e-04
            897          1.5278e-04
            898          1.5282e-04
            899          1.5249e-04
            900          1.5172e-04
            901          1.5294e-04
            902          1.5166e-04
            903          1.5102e-04
            904          1.5088e-04
            905          1.5055e-04
            906          1.5054e-04
            907          1.5060e-04
            908          1.4977e-04
            909          1.4975e-04
            910          1.4965e-04
            911          1.4900e-04
            912          1.4947e-04
            913          1.4860e-04
            914          1.4814e-04
            915          1.4817e-04
            916          1.4774e-04
            917          1.4909e-04
            918          1.4881e-04
            919          1.4719e-04
            920          1.4683e-04
            921          1.4727e-04
            922          1.4673e-04
            923          1.4648e-04
            924          1.4634e-04
            925          1.4589e-04
            926          1.4545e-04
            927          1.4598e-04
            928          1.4513e-04
            929          1.4514e-04
            930          1.4447e-04
            931          1.4472e-04
            932          1.4418e-04
            933          1.4365e-04
            934          1.4419e-04
            935          1.4314e-04
            936          1.4293e-04
            937          1.4420e-04
            938          1.4281e-04
            939          1.4260e-04
            940          1.4234e-04
            941          1.4235e-04
            942          1.4209e-04
            943          1.4226e-04
            944          1.4170e-04
            945          1.4181e-04
            946          1.4102e-04
            947          1.4080e-04
            948          1.4127e-04
            949          1.4114e-04
            950          1.4015e-04
            951          1.4001e-04
            952          1.4043e-04
            953          1.3994e-04
            954          1.4006e-04
            955          1.3933e-04
            956          1.3932e-04
            957          1.3899e-04
            958          1.3875e-04
            959          1.3847e-04
            960          1.3815e-04
            961          1.3789e-04
            962          1.3821e-04
            963          1.3821e-04
            964          1.3775e-04
            965          1.3766e-04
            966          1.3714e-04
            967          1.3733e-04
            968          1.3670e-04
            969          1.3680e-04
            970          1.3574e-04
            971          1.3604e-04
            972          1.3581e-04
            973          1.3575e-04
            974          1.3569e-04
            975          1.3522e-04
            976          1.3493e-04
            977          1.3486e-04
            978          1.3488e-04
            979          1.3502e-04
            980          1.3471e-04
            981          1.3395e-04
            982          1.3317e-04
            983          1.3359e-04
            984          1.3362e-04
            985          1.3341e-04
            986          1.3337e-04
            987          1.3306e-04
            988          1.3259e-04
            989          1.3254e-04
            990          1.3259e-04
            991          1.3298e-04
            992          1.3186e-04
            993          1.3127e-04
            994          1.3220e-04
            995          1.3180e-04
            996          1.3113e-04
            997          1.3083e-04
            998          1.3056e-04
            999          1.3041e-04
           1000          1.3018e-04
