              0          1.0000e+00
              1          2.5821e-01
              2          1.5226e-01
              3          1.0570e-01
              4          7.9006e-02
              5          6.3908e-02
              6          5.3259e-02
              7          4.5692e-02
              8          4.0345e-02
              9          3.6090e-02
             10          3.2731e-02
             11          2.9951e-02
             12          2.7754e-02
             13          2.5851e-02
             14          2.4237e-02
             15          2.2791e-02
             16          2.1507e-02
             17          2.0411e-02
             18          1.9346e-02
             19          1.8456e-02
             20          1.7663e-02
             21          1.6894e-02
             22          1.6204e-02
             23          1.5539e-02
             24          1.4980e-02
             25          1.4442e-02
             26          1.3945e-02
             27          1.3478e-02
             28          1.3043e-02
             29          1.2612e-02
             30          1.2256e-02
             31          1.1862e-02
             32          1.1526e-02
             33          1.1245e-02
             34          1.0883e-02
             35          1.0640e-02
             36          1.0349e-02
             37          1.0110e-02
             38          9.8816e-03
             39          9.6221e-03
             40          9.4129e-03
             41          9.2191e-03
             42          8.9834e-03
             43          8.7727e-03
             44          8.5835e-03
             45          8.4240e-03
             46          8.2237e-03
             47          8.0755e-03
             48          7.9115e-03
             49          7.7848e-03
             50          7.6395e-03
             51          7.4868e-03
             52          7.3544e-03
             53          7.2124e-03
             54          7.0949e-03
             55          6.9675e-03
             56          6.8413e-03
             57          6.7067e-03
             58          6.5937e-03
             59          6.4823e-03
             60          6.3914e-03
             61          6.2720e-03
             62          6.1751e-03
             63          6.1009e-03
             64          5.9994e-03
             65          5.9103e-03
             66          5.8111e-03
             67          5.7116e-03
             68          5.6457e-03
             69          5.5481e-03
             70          5.4897e-03
             71          5.4032e-03
             72          5.3047e-03
             73          5.2445e-03
             74          5.1785e-03
             75          5.1129e-03
             76          5.0287e-03
             77          4.9704e-03
             78          4.8830e-03
             79          4.8268e-03
             80          4.7587e-03
             81          4.7144e-03
             82          4.6657e-03
             83          4.5824e-03
             84          4.5159e-03
             85          4.4618e-03
             86          4.4208e-03
             87          4.3540e-03
             88          4.3065e-03
             89          4.2508e-03
             90          4.2004e-03
             91          4.1483e-03
             92          4.1042e-03
             93          4.0564e-03
             94          4.0065e-03
             95          3.9577e-03
             96          3.9297e-03
             97          3.8776e-03
             98          3.8180e-03
             99          3.7914e-03
            100          3.7351e-03
            101          3.6963e-03
            102          3.6630e-03
            103          3.6161e-03
            104          3.5950e-03
            105          3.5432e-03
            106          3.5063e-03
            107          3.4699e-03
            108          3.4262e-03
            109          3.3919e-03
            110          3.3550e-03
            111          3.3226e-03
            112          3.2893e-03
            113          3.2577e-03
            114          3.2183e-03
            115          3.1919e-03
            116          3.1637e-03
            117          3.1328e-03
            118          3.0879e-03
            119          3.0599e-03
            120          3.0258e-03
            121          3.0056e-03
            122          2.9758e-03
            123          2.9432e-03
            124          2.9228e-03
            125          2.8945e-03
            126          2.8580e-03
            127          2.8385e-03
            128          2.8072e-03
            129          2.7869e-03
            130          2.7587e-03
            131          2.7411e-03
            132          2.7053e-03
            133          2.6896e-03
            134          2.6622e-03
            135          2.6298e-03
            136          2.6137e-03
            137          2.5901e-03
            138          2.5771e-03
            139          2.5536e-03
            140          2.5306e-03
            141          2.4885e-03
            142          2.4754e-03
            143          2.4579e-03
            144          2.4231e-03
            145          2.4130e-03
            146          2.3904e-03
            147          2.3675e-03
            148          2.3560e-03
            149          2.3359e-03
            150          2.3214e-03
            151          2.2959e-03
            152          2.2802e-03
            153          2.2487e-03
            154          2.2402e-03
            155          2.2234e-03
            156          2.1976e-03
            157          2.1857e-03
            158          2.1731e-03
            159          2.1577e-03
            160          2.1409e-03
            161          2.1192e-03
            162          2.0951e-03
            163          2.0837e-03
            164          2.0647e-03
            165          2.0504e-03
            166          2.0244e-03
            167          2.0162e-03
            168          1.9970e-03
            169          1.9867e-03
            170          1.9669e-03
            171          1.9484e-03
            172          1.9387e-03
            173          1.9185e-03
            174          1.9151e-03
            175          1.8937e-03
            176          1.8906e-03
            177          1.8675e-03
            178          1.8488e-03
            179          1.8430e-03
            180          1.8277e-03
            181          1.8153e-03
            182          1.8054e-03
            183          1.7906e-03
            184          1.7821e-03
            185          1.7654e-03
            186          1.7482e-03
            187          1.7322e-03
            188          1.7200e-03
            189          1.7104e-03
            190          1.6976e-03
            191          1.6942e-03
            192          1.6792e-03
            193          1.6688e-03
            194          1.6438e-03
            195          1.6473e-03
            196          1.6355e-03
            197          1.6218e-03
            198          1.6107e-03
            199          1.5977e-03
            200          1.5826e-03
            201          1.5770e-03
            202          1.5679e-03
            203          1.5522e-03
            204          1.5524e-03
            205          1.5358e-03
            206          1.5222e-03
            207          1.5164e-03
            208          1.5016e-03
            209          1.5010e-03
            210          1.4858e-03
            211          1.4742e-03
            212          1.4687e-03
            213          1.4625e-03
            214          1.4467e-03
            215          1.4364e-03
            216          1.4212e-03
            217          1.4121e-03
            218          1.4111e-03
            219          1.3971e-03
            220          1.3878e-03
            221          1.3825e-03
            222          1.3750e-03
            223          1.3665e-03
            224          1.3611e-03
            225          1.3513e-03
            226          1.3417e-03
            227          1.3357e-03
            228          1.3286e-03
            229          1.3170e-03
            230          1.3057e-03
            231          1.3049e-03
            232          1.2931e-03
            233          1.2804e-03
            234          1.2762e-03
            235          1.2691e-03
            236          1.2613e-03
            237          1.2496e-03
            238          1.2430e-03
            239          1.2348e-03
            240          1.2283e-03
            241          1.2232e-03
            242          1.2134e-03
            243          1.2128e-03
            244          1.1984e-03
            245          1.2033e-03
            246          1.1839e-03
            247          1.1831e-03
            248          1.1724e-03
            249          1.1696e-03
            250          1.1574e-03
            251          1.1555e-03
            252          1.1523e-03
            253          1.1399e-03
            254          1.1403e-03
            255          1.1313e-03
            256          1.1242e-03
            257          1.1120e-03
            258          1.1114e-03
            259          1.1024e-03
            260          1.1002e-03
            261          1.0904e-03
            262          1.0864e-03
            263          1.0813e-03
            264          1.0737e-03
            265          1.0700e-03
            266          1.0674e-03
            267          1.0619e-03
            268          1.0455e-03
            269          1.0441e-03
            270          1.0384e-03
            271          1.0323e-03
            272          1.0283e-03
            273          1.0194e-03
            274          1.0230e-03
            275          1.0091e-03
            276          1.0077e-03
            277          9.9903e-04
            278          9.9489e-04
            279          9.8631e-04
            280          9.7930e-04
            281          9.7914e-04
            282          9.7800e-04
            283          9.7337e-04
            284          9.6800e-04
            285          9.5831e-04
            286          9.5793e-04
            287          9.4898e-04
            288          9.3949e-04
            289          9.3784e-04
            290          9.2758e-04
            291          9.2473e-04
            292          9.2277e-04
            293          9.1444e-04
            294          9.1593e-04
            295          9.0949e-04
            296          9.0191e-04
            297          8.9618e-04
            298          8.9638e-04
            299          8.9693e-04
            300          8.9042e-04
            301          8.8449e-04
            302          8.7611e-04
            303          8.7327e-04
            304          8.7393e-04
            305          8.6760e-04
            306          8.6614e-04
            307          8.5817e-04
            308          8.4826e-04
            309          8.4763e-04
            310          8.4034e-04
            311          8.3918e-04
            312          8.3565e-04
            313          8.3484e-04
            314          8.3164e-04
            315          8.2144e-04
            316          8.2016e-04
            317          8.1401e-04
            318          8.1450e-04
            319          8.0664e-04
            320          8.0418e-04
            321          8.0021e-04
            322          7.9615e-04
            323          7.9133e-04
            324          7.9213e-04
            325          7.8869e-04
            326          7.8213e-04
            327          7.7344e-04
            328          7.7590e-04
            329          7.6928e-04
            330          7.6462e-04
            331          7.6374e-04
            332          7.5927e-04
            333          7.5550e-04
            334          7.5108e-04
            335          7.4804e-04
            336          7.4360e-04
            337          7.4562e-04
            338          7.4016e-04
            339          7.4157e-04
            340          7.3363e-04
            341          7.3311e-04
            342          7.2628e-04
            343          7.2442e-04
            344          7.1832e-04
            345          7.1580e-04
            346          7.1456e-04
            347          7.0527e-04
            348          7.0750e-04
            349          7.0562e-04
            350          6.9900e-04
            351          6.9648e-04
            352          6.9457e-04
            353          6.8944e-04
            354          6.8867e-04
            355          6.8284e-04
            356          6.8276e-04
            357          6.7876e-04
            358          6.7198e-04
            359          6.7352e-04
            360          6.7180e-04
            361          6.6598e-04
            362          6.6447e-04
            363          6.6077e-04
            364          6.5855e-04
            365          6.5590e-04
            366          6.5494e-04
            367          6.5090e-04
            368          6.4574e-04
            369          6.4871e-04
            370          6.3717e-04
            371          6.4153e-04
            372          6.3715e-04
            373          6.3310e-04
            374          6.3154e-04
            375          6.2956e-04
            376          6.2501e-04
            377          6.1760e-04
            378          6.1791e-04
            379          6.2031e-04
            380          6.1315e-04
            381          6.1293e-04
            382          6.1044e-04
            383          6.0894e-04
            384          6.0417e-04
            385          6.0246e-04
            386          6.0252e-04
            387          5.9449e-04
            388          5.9725e-04
            389          5.8981e-04
            390          5.8762e-04
            391          5.8691e-04
            392          5.8537e-04
            393          5.8058e-04
            394          5.7987e-04
            395          5.7526e-04
            396          5.7524e-04
            397          5.7511e-04
            398          5.7230e-04
            399          5.7106e-04
            400          5.6397e-04
            401          5.6465e-04
            402          5.5929e-04
            403          5.5917e-04
            404          5.5674e-04
            405          5.5605e-04
            406          5.5179e-04
            407          5.4883e-04
            408          5.4667e-04
            409          5.4668e-04
            410          5.4385e-04
            411          5.4023e-04
            412          5.4188e-04
            413          5.3849e-04
            414          5.3588e-04
            415          5.3429e-04
            416          5.3200e-04
            417          5.2611e-04
            418          5.2359e-04
            419          5.2401e-04
            420          5.2003e-04
            421          5.2054e-04
            422          5.1897e-04
            423          5.1930e-04
            424          5.1596e-04
            425          5.1001e-04
            426          5.0990e-04
            427          5.1056e-04
            428          5.0991e-04
            429          5.0456e-04
            430          5.0236e-04
            431          5.0130e-04
            432          5.0109e-04
            433          4.9816e-04
            434          4.9516e-04
            435          4.9407e-04
            436          4.9235e-04
            437          4.9288e-04
            438          4.8842e-04
            439          4.8887e-04
            440          4.8506e-04
            441          4.8281e-04
            442          4.8065e-04
            443          4.7760e-04
            444          4.7785e-04
            445          4.7546e-04
            446          4.7628e-04
            447          4.7225e-04
            448          4.7017e-04
            449          4.6708e-04
            450          4.6733e-04
            451          4.6642e-04
            452          4.6347e-04
            453          4.6328e-04
            454          4.6431e-04
            455          4.6091e-04
            456          4.5904e-04
            457          4.5735e-04
            458          4.5452e-04
            459          4.5332e-04
            460          4.5153e-04
            461          4.4986e-04
            462          4.4622e-04
            463          4.4624e-04
            464          4.4538e-04
            465          4.4341e-04
            466          4.4123e-04
            467          4.4062e-04
            468          4.3772e-04
            469          4.3780e-04
            470          4.3764e-04
            471          4.3354e-04
            472          4.3266e-04
            473          4.3052e-04
            474          4.2864e-04
            475          4.2896e-04
            476          4.2623e-04
            477          4.2579e-04
            478          4.2534e-04
            479          4.1993e-04
            480          4.1866e-04
            481          4.1962e-04
            482          4.1831e-04
            483          4.1539e-04
            484          4.1573e-04
            485          4.1495e-04
            486          4.1318e-04
            487          4.1151e-04
            488          4.0811e-04
            489          4.0880e-04
            490          4.0546e-04
            491          4.0519e-04
            492          4.0395e-04
            493          3.9977e-04
            494          3.9959e-04
            495          3.9889e-04
            496          3.9760e-04
            497          3.9661e-04
            498          3.9348e-04
            499          3.9430e-04
            500          3.9309e-04
            501          3.9148e-04
            502          3.8962e-04
            503          3.8899e-04
            504          3.8841e-04
            505          3.8676e-04
            506          3.8569e-04
            507          3.8586e-04
            508          3.8240e-04
            509          3.8211e-04
            510          3.8003e-04
            511          3.7879e-04
            512          3.7913e-04
            513          3.7836e-04
            514          3.7434e-04
            515          3.7279e-04
            516          3.7220e-04
            517          3.7383e-04
            518          3.7089e-04
            519          3.6766e-04
            520          3.6841e-04
            521          3.6771e-04
            522          3.6519e-04
            523          3.6525e-04
            524          3.6375e-04
            525          3.6155e-04
            526          3.6207e-04
            527          3.6011e-04
            528          3.6026e-04
            529          3.5746e-04
            530          3.5688e-04
            531          3.5575e-04
            532          3.5545e-04
            533          3.5400e-04
            534          3.5262e-04
            535          3.5165e-04
            536          3.5133e-04
            537          3.5024e-04
            538          3.4637e-04
            539          3.4946e-04
            540          3.4759e-04
            541          3.4574e-04
            542          3.4345e-04
            543          3.4356e-04
            544          3.4172e-04
            545          3.3966e-04
            546          3.3785e-04
            547          3.3776e-04
            548          3.3691e-04
            549          3.3629e-04
            550          3.3537e-04
            551          3.3326e-04
            552          3.3302e-04
            553          3.3327e-04
            554          3.3174e-04
            555          3.3126e-04
            556          3.3006e-04
            557          3.2780e-04
            558          3.2822e-04
            559          3.2797e-04
            560          3.2630e-04
            561          3.2330e-04
            562          3.2377e-04
            563          3.2309e-04
            564          3.2154e-04
            565          3.2096e-04
            566          3.2034e-04
            567          3.1996e-04
            568          3.1725e-04
            569          3.1681e-04
            570          3.1690e-04
            571          3.1465e-04
            572          3.1433e-04
            573          3.1175e-04
            574          3.1347e-04
            575          3.1076e-04
            576          3.1187e-04
            577          3.1250e-04
            578          3.0849e-04
            579          3.0659e-04
            580          3.0603e-04
            581          3.0606e-04
            582          3.0564e-04
            583          3.0399e-04
            584          3.0258e-04
            585          3.0356e-04
            586          3.0251e-04
            587          3.0205e-04
            588          2.9939e-04
            589          2.9955e-04
            590          2.9921e-04
            591          2.9842e-04
            592          2.9925e-04
            593          2.9594e-04
            594          2.9588e-04
            595          2.9431e-04
            596          2.9558e-04
            597          2.9175e-04
            598          2.9297e-04
            599          2.9203e-04
            600          2.9037e-04
            601          2.8842e-04
            602          2.8915e-04
            603          2.8820e-04
            604          2.8745e-04
            605          2.8572e-04
            606          2.8569e-04
            607          2.8532e-04
            608          2.8426e-04
            609          2.8375e-04
            610          2.8314e-04
            611          2.8200e-04
            612          2.8083e-04
            613          2.8083e-04
            614          2.7981e-04
            615          2.7892e-04
            616          2.7799e-04
            617          2.7851e-04
            618          2.7703e-04
            619          2.7670e-04
            620          2.7548e-04
            621          2.7440e-04
            622          2.7329e-04
            623          2.7376e-04
            624          2.7287e-04
            625          2.7135e-04
            626          2.7322e-04
            627          2.7223e-04
            628          2.7054e-04
            629          2.7039e-04
            630          2.6898e-04
            631          2.6950e-04
            632          2.6741e-04
            633          2.6632e-04
            634          2.6482e-04
            635          2.6518e-04
            636          2.6458e-04
            637          2.6245e-04
            638          2.6281e-04
            639          2.6199e-04
            640          2.6191e-04
            641          2.6059e-04
            642          2.5896e-04
            643          2.6059e-04
            644          2.5931e-04
            645          2.5767e-04
            646          2.5636e-04
            647          2.5576e-04
            648          2.5650e-04
            649          2.5539e-04
            650          2.5516e-04
            651          2.5359e-04
            652          2.5268e-04
            653          2.5343e-04
            654          2.5201e-04
            655          2.5152e-04
            656          2.5145e-04
            657          2.5132e-04
            658          2.4911e-04
            659          2.4882e-04
            660          2.4933e-04
            661          2.4813e-04
            662          2.4731e-04
            663          2.4770e-04
            664          2.4612e-04
            665          2.4532e-04
            666          2.4433e-04
            667          2.4430e-04
            668          2.4313e-04
            669          2.4207e-04
            670          2.4172e-04
            671          2.4093e-04
            672          2.4077e-04
            673          2.4107e-04
            674          2.3900e-04
            675          2.3930e-04
            676          2.3892e-04
            677          2.3811e-04
            678          2.3818e-04
            679          2.3639e-04
            680          2.3663e-04
            681          2.3618e-04
            682          2.3579e-04
            683          2.3643e-04
            684          2.3495e-04
            685          2.3424e-04
            686          2.3378e-04
            687          2.3194e-04
            688          2.3173e-04
            689          2.3072e-04
            690          2.3093e-04
            691          2.3115e-04
            692          2.3053e-04
            693          2.3018e-04
            694          2.2844e-04
            695          2.2815e-04
            696          2.2758e-04
            697          2.2765e-04
            698          2.2756e-04
            699          2.2728e-04
            700          2.2614e-04
            701          2.2575e-04
            702          2.2502e-04
            703          2.2448e-04
            704          2.2442e-04
            705          2.2364e-04
            706          2.2352e-04
            707          2.2221e-04
            708          2.2242e-04
            709          2.2086e-04
            710          2.2032e-04
            711          2.1992e-04
            712          2.1948e-04
            713          2.1875e-04
            714          2.1872e-04
            715          2.1801e-04
            716          2.1831e-04
            717          2.1807e-04
            718          2.1656e-04
            719          2.1607e-04
            720          2.1612e-04
            721          2.1521e-04
            722          2.1566e-04
            723          2.1579e-04
            724          2.1394e-04
            725          2.1413e-04
            726          2.1328e-04
            727          2.1239e-04
            728          2.1207e-04
            729          2.1227e-04
            730          2.1127e-04
            731          2.1192e-04
            732          2.0973e-04
            733          2.0945e-04
            734          2.1012e-04
            735          2.0842e-04
            736          2.0840e-04
            737          2.0806e-04
            738          2.0710e-04
            739          2.0649e-04
            740          2.0621e-04
            741          2.0538e-04
            742          2.0644e-04
            743          2.0549e-04
            744          2.0436e-04
            745          2.0455e-04
            746          2.0392e-04
            747          2.0356e-04
            748          2.0276e-04
            749          2.0265e-04
            750          2.0307e-04
            751          2.0178e-04
            752          2.0208e-04
            753          2.0076e-04
            754          2.0105e-04
            755          2.0033e-04
            756          2.0039e-04
            757          1.9894e-04
            758          1.9771e-04
            759          1.9903e-04
            760          1.9801e-04
            761          1.9734e-04
            762          1.9712e-04
            763          1.9747e-04
            764          1.9620e-04
            765          1.9724e-04
            766          1.9622e-04
            767          1.9535e-04
            768          1.9472e-04
            769          1.9413e-04
            770          1.9400e-04
            771          1.9385e-04
            772          1.9312e-04
            773          1.9254e-04
            774          1.9264e-04
            775          1.9168e-04
            776          1.9226e-04
            777          1.9125e-04
            778          1.9047e-04
            779          1.9131e-04
            780          1.8973e-04
            781          1.9137e-04
            782          1.9053e-04
            783          1.8883e-04
            784          1.8892e-04
            785          1.8830e-04
            786          1.8846e-04
            787          1.8777e-04
            788          1.8783e-04
            789          1.8648e-04
            790          1.8606e-04
            791          1.8585e-04
            792          1.8560e-04
            793          1.8493e-04
            794          1.8509e-04
            795          1.8422e-04
            796          1.8499e-04
            797          1.8404e-04
            798          1.8438e-04
            799          1.8339e-04
            800          1.8249e-04
            801          1.8255e-04
            802          1.8245e-04
            803          1.8150e-04
            804          1.8198e-04
            805          1.8125e-04
            806          1.8125e-04
            807          1.8027e-04
            808          1.8054e-04
            809          1.8053e-04
            810          1.7968e-04
            811          1.7850e-04
            812          1.7884e-04
            813          1.7754e-04
            814          1.7702e-04
            815          1.7768e-04
            816          1.7720e-04
            817          1.7680e-04
            818          1.7721e-04
            819          1.7579e-04
            820          1.7677e-04
            821          1.7574e-04
            822          1.7580e-04
            823          1.7562e-04
            824          1.7499e-04
            825          1.7447e-04
            826          1.7367e-04
            827          1.7381e-04
            828          1.7391e-04
            829          1.7301e-04
            830          1.7291e-04
            831          1.7185e-04
            832          1.7285e-04
            833          1.7156e-04
            834          1.7069e-04
            835          1.6961e-04
            836          1.7114e-04
            837          1.7097e-04
            838          1.7051e-04
            839          1.7004e-04
            840          1.6996e-04
            841          1.6883e-04
            842          1.6919e-04
            843          1.6919e-04
            844          1.6829e-04
            845          1.6813e-04
            846          1.6760e-04
            847          1.6779e-04
            848          1.6746e-04
            849          1.6778e-04
            850          1.6620e-04
            851          1.6605e-04
            852          1.6628e-04
            853          1.6541e-04
            854          1.6631e-04
            855          1.6487e-04
            856          1.6465e-04
            857          1.6402e-04
            858          1.6524e-04
            859          1.6404e-04
            860          1.6349e-04
            861          1.6350e-04
            862          1.6250e-04
            863          1.6282e-04
            864          1.6342e-04
            865          1.6282e-04
            866          1.6174e-04
            867          1.6188e-04
            868          1.6191e-04
            869          1.6117e-04
            870          1.6103e-04
            871          1.6095e-04
            872          1.6043e-04
            873          1.6032e-04
            874          1.5968e-04
            875          1.6018e-04
            876          1.5990e-04
            877          1.5876e-04
            878          1.5854e-04
            879          1.5836e-04
            880          1.5850e-04
            881          1.5733e-04
            882          1.5812e-04
            883          1.5704e-04
            884          1.5690e-04
            885          1.5625e-04
            886          1.5681e-04
            887          1.5552e-04
            888          1.5605e-04
            889          1.5694e-04
            890          1.5601e-04
            891          1.5538e-04
            892          1.5632e-04
            893          1.5482e-04
            894          1.5405e-04
            895          1.5444e-04
            896          1.5448e-04
            897          1.5378e-04
            898          1.5393e-04
            899          1.5340e-04
            900          1.5378e-04
            901          1.5262e-04
            902          1.5250e-04
            903          1.5264e-04
            904          1.5197e-04
            905          1.5172e-04
            906          1.5113e-04
            907          1.5150e-04
            908          1.5044e-04
            909          1.5060e-04
            910          1.5041e-04
            911          1.4993e-04
            912          1.5025e-04
            913          1.4975e-04
            914          1.4978e-04
            915          1.4927e-04
            916          1.4964e-04
            917          1.4896e-04
            918          1.4942e-04
            919          1.4810e-04
            920          1.4736e-04
            921          1.4760e-04
            922          1.4801e-04
            923          1.4703e-04
            924          1.4718e-04
            925          1.4731e-04
            926          1.4712e-04
            927          1.4657e-04
            928          1.4590e-04
            929          1.4586e-04
            930          1.4575e-04
            931          1.4574e-04
            932          1.4515e-04
            933          1.4597e-04
            934          1.4521e-04
            935          1.4497e-04
            936          1.4481e-04
            937          1.4437e-04
            938          1.4424e-04
            939          1.4429e-04
            940          1.4353e-04
            941          1.4396e-04
            942          1.4263e-04
            943          1.4301e-04
            944          1.4251e-04
            945          1.4310e-04
            946          1.4195e-04
            947          1.4235e-04
            948          1.4187e-04
            949          1.4182e-04
            950          1.4199e-04
            951          1.4104e-04
            952          1.4166e-04
            953          1.4101e-04
            954          1.4141e-04
            955          1.4083e-04
            956          1.4002e-04
            957          1.4041e-04
            958          1.3970e-04
            959          1.3995e-04
            960          1.3939e-04
            961          1.3917e-04
            962          1.3902e-04
            963          1.3822e-04
            964          1.3858e-04
            965          1.3840e-04
            966          1.3762e-04
            967          1.3807e-04
            968          1.3797e-04
            969          1.3771e-04
            970          1.3685e-04
            971          1.3670e-04
            972          1.3723e-04
            973          1.3643e-04
            974          1.3706e-04
            975          1.3627e-04
            976          1.3619e-04
            977          1.3594e-04
            978          1.3552e-04
            979          1.3569e-04
            980          1.3560e-04
            981          1.3495e-04
            982          1.3509e-04
            983          1.3457e-04
            984          1.3476e-04
            985          1.3449e-04
            986          1.3486e-04
            987          1.3406e-04
            988          1.3423e-04
            989          1.3364e-04
            990          1.3284e-04
            991          1.3397e-04
            992          1.3347e-04
            993          1.3266e-04
            994          1.3290e-04
            995          1.3206e-04
            996          1.3135e-04
            997          1.3141e-04
            998          1.3170e-04
            999          1.3161e-04
           1000          1.3135e-04
