              0          1.0000e+00
              1          2.5817e-01
              2          1.5277e-01
              3          1.0494e-01
              4          7.9866e-02
              5          6.3555e-02
              6          5.3070e-02
              7          4.5743e-02
              8          4.0238e-02
              9          3.6248e-02
             10          3.2784e-02
             11          3.0030e-02
             12          2.7649e-02
             13          2.5785e-02
             14          2.4196e-02
             15          2.2697e-02
             16          2.1417e-02
             17          2.0398e-02
             18          1.9400e-02
             19          1.8521e-02
             20          1.7617e-02
             21          1.6850e-02
             22          1.6168e-02
             23          1.5517e-02
             24          1.4932e-02
             25          1.4368e-02
             26          1.3909e-02
             27          1.3439e-02
             28          1.3033e-02
             29          1.2567e-02
             30          1.2252e-02
             31          1.1846e-02
             32          1.1496e-02
             33          1.1235e-02
             34          1.0920e-02
             35          1.0609e-02
             36          1.0374e-02
             37          1.0081e-02
             38          9.8222e-03
             39          9.5585e-03
             40          9.3636e-03
             41          9.1782e-03
             42          8.9654e-03
             43          8.7868e-03
             44          8.5612e-03
             45          8.4114e-03
             46          8.2579e-03
             47          8.0790e-03
             48          7.9066e-03
             49          7.7585e-03
             50          7.6058e-03
             51          7.4845e-03
             52          7.3583e-03
             53          7.1951e-03
             54          7.0537e-03
             55          6.9494e-03
             56          6.8109e-03
             57          6.6932e-03
             58          6.6077e-03
             59          6.4892e-03
             60          6.3749e-03
             61          6.2593e-03
             62          6.1332e-03
             63          6.0653e-03
             64          5.9758e-03
             65          5.8973e-03
             66          5.7954e-03
             67          5.7172e-03
             68          5.6517e-03
             69          5.5545e-03
             70          5.4706e-03
             71          5.3838e-03
             72          5.3004e-03
             73          5.2475e-03
             74          5.1539e-03
             75          5.0802e-03
             76          5.0278e-03
             77          4.9582e-03
             78          4.8720e-03
             79          4.8144e-03
             80          4.7618e-03
             81          4.6791e-03
             82          4.6292e-03
             83          4.5795e-03
             84          4.5293e-03
             85          4.4593e-03
             86          4.4060e-03
             87          4.3652e-03
             88          4.3062e-03
             89          4.2328e-03
             90          4.2186e-03
             91          4.1569e-03
             92          4.0836e-03
             93          4.0462e-03
             94          4.0142e-03
             95          3.9680e-03
             96          3.8920e-03
             97          3.8608e-03
             98          3.8082e-03
             99          3.7654e-03
            100          3.7315e-03
            101          3.6921e-03
            102          3.6606e-03
            103          3.6146e-03
            104          3.5837e-03
            105          3.5314e-03
            106          3.4980e-03
            107          3.4563e-03
            108          3.4154e-03
            109          3.3872e-03
            110          3.3413e-03
            111          3.3137e-03
            112          3.2788e-03
            113          3.2424e-03
            114          3.2177e-03
            115          3.1773e-03
            116          3.1461e-03
            117          3.1090e-03
            118          3.0827e-03
            119          3.0606e-03
            120          3.0248e-03
            121          2.9953e-03
            122          2.9757e-03
            123          2.9438e-03
            124          2.9038e-03
            125          2.8668e-03
            126          2.8508e-03
            127          2.8322e-03
            128          2.8002e-03
            129          2.7738e-03
            130          2.7450e-03
            131          2.7201e-03
            132          2.6890e-03
            133          2.6743e-03
            134          2.6501e-03
            135          2.6235e-03
            136          2.6094e-03
            137          2.5859e-03
            138          2.5516e-03
            139          2.5384e-03
            140          2.5045e-03
            141          2.4919e-03
            142          2.4728e-03
            143          2.4551e-03
            144          2.4236e-03
            145          2.4007e-03
            146          2.3774e-03
            147          2.3678e-03
            148          2.3451e-03
            149          2.3282e-03
            150          2.3029e-03
            151          2.2859e-03
            152          2.2708e-03
            153          2.2499e-03
            154          2.2229e-03
            155          2.2167e-03
            156          2.1955e-03
            157          2.1724e-03
            158          2.1542e-03
            159          2.1342e-03
            160          2.1160e-03
            161          2.1103e-03
            162          2.0915e-03
            163          2.0725e-03
            164          2.0559e-03
            165          2.0401e-03
            166          2.0186e-03
            167          2.0067e-03
            168          1.9966e-03
            169          1.9802e-03
            170          1.9717e-03
            171          1.9457e-03
            172          1.9384e-03
            173          1.9076e-03
            174          1.8957e-03
            175          1.8823e-03
            176          1.8788e-03
            177          1.8629e-03
            178          1.8523e-03
            179          1.8305e-03
            180          1.8150e-03
            181          1.8153e-03
            182          1.7972e-03
            183          1.7782e-03
            184          1.7683e-03
            185          1.7514e-03
            186          1.7481e-03
            187          1.7281e-03
            188          1.7185e-03
            189          1.7021e-03
            190          1.6923e-03
            191          1.6820e-03
            192          1.6725e-03
            193          1.6572e-03
            194          1.6435e-03
            195          1.6329e-03
            196          1.6236e-03
            197          1.6131e-03
            198          1.6004e-03
            199          1.5883e-03
            200          1.5760e-03
            201          1.5670e-03
            202          1.5515e-03
            203          1.5498e-03
            204          1.5384e-03
            205          1.5255e-03
            206          1.5215e-03
            207          1.5162e-03
            208          1.5045e-03
            209          1.4878e-03
            210          1.4813e-03
            211          1.4705e-03
            212          1.4561e-03
            213          1.4525e-03
            214          1.4391e-03
            215          1.4286e-03
            216          1.4251e-03
            217          1.4127e-03
            218          1.4049e-03
            219          1.3937e-03
            220          1.3918e-03
            221          1.3759e-03
            222          1.3728e-03
            223          1.3599e-03
            224          1.3467e-03
            225          1.3477e-03
            226          1.3365e-03
            227          1.3304e-03
            228          1.3139e-03
            229          1.3060e-03
            230          1.3024e-03
            231          1.2928e-03
            232          1.2934e-03
            233          1.2864e-03
            234          1.2749e-03
            235          1.2690e-03
            236          1.2539e-03
            237          1.2487e-03
            238          1.2373e-03
            239          1.2312e-03
            240          1.2228e-03
            241          1.2214e-03
            242          1.2153e-03
            243          1.2042e-03
            244          1.1985e-03
            245          1.1914e-03
            246          1.1889e-03
            247          1.1786e-03
            248          1.1718e-03
            249          1.1642e-03
            250          1.1578e-03
            251          1.1528e-03
            252          1.1481e-03
            253          1.1411e-03
            254          1.1386e-03
            255          1.1256e-03
            256          1.1144e-03
            257          1.1128e-03
            258          1.1055e-03
            259          1.0995e-03
            260          1.0918e-03
            261          1.0893e-03
            262          1.0808e-03
            263          1.0753e-03
            264          1.0666e-03
            265          1.0639e-03
            266          1.0603e-03
            267          1.0485e-03
            268          1.0486e-03
            269          1.0398e-03
            270          1.0319e-03
            271          1.0333e-03
            272          1.0281e-03
            273          1.0187e-03
            274          1.0092e-03
            275          1.0088e-03
            276          1.0039e-03
            277          9.9388e-04
            278          9.9720e-04
            279          9.7973e-04
            280          9.8326e-04
            281          9.7494e-04
            282          9.6614e-04
            283          9.6748e-04
            284          9.6439e-04
            285          9.5802e-04
            286          9.5489e-04
            287          9.4787e-04
            288          9.4190e-04
            289          9.3674e-04
            290          9.3311e-04
            291          9.2221e-04
            292          9.2542e-04
            293          9.1905e-04
            294          9.1796e-04
            295          9.1067e-04
            296          8.9923e-04
            297          9.0104e-04
            298          8.8791e-04
            299          8.8707e-04
            300          8.8558e-04
            301          8.8314e-04
            302          8.7624e-04
            303          8.7482e-04
            304          8.6934e-04
            305          8.6460e-04
            306          8.5850e-04
            307          8.5733e-04
            308          8.5266e-04
            309          8.5208e-04
            310          8.4474e-04
            311          8.4347e-04
            312          8.2706e-04
            313          8.3093e-04
            314          8.2318e-04
            315          8.2148e-04
            316          8.1800e-04
            317          8.1627e-04
            318          8.1401e-04
            319          8.1138e-04
            320          8.0308e-04
            321          8.0035e-04
            322          7.9748e-04
            323          7.8922e-04
            324          7.8526e-04
            325          7.8460e-04
            326          7.7848e-04
            327          7.7995e-04
            328          7.7115e-04
            329          7.6865e-04
            330          7.6763e-04
            331          7.6528e-04
            332          7.6378e-04
            333          7.5849e-04
            334          7.5032e-04
            335          7.4804e-04
            336          7.4555e-04
            337          7.4482e-04
            338          7.4059e-04
            339          7.3537e-04
            340          7.2851e-04
            341          7.2611e-04
            342          7.2031e-04
            343          7.1957e-04
            344          7.1650e-04
            345          7.1600e-04
            346          7.0996e-04
            347          7.1160e-04
            348          7.0471e-04
            349          7.0072e-04
            350          6.9868e-04
            351          6.9202e-04
            352          6.9014e-04
            353          6.9135e-04
            354          6.8385e-04
            355          6.8015e-04
            356          6.8042e-04
            357          6.7693e-04
            358          6.7166e-04
            359          6.7290e-04
            360          6.6709e-04
            361          6.6507e-04
            362          6.6335e-04
            363          6.5824e-04
            364          6.5731e-04
            365          6.5313e-04
            366          6.5320e-04
            367          6.4914e-04
            368          6.4727e-04
            369          6.4314e-04
            370          6.3822e-04
            371          6.4005e-04
            372          6.3695e-04
            373          6.3312e-04
            374          6.3073e-04
            375          6.2725e-04
            376          6.2573e-04
            377          6.2276e-04
            378          6.1648e-04
            379          6.1433e-04
            380          6.1196e-04
            381          6.1144e-04
            382          6.0853e-04
            383          6.0633e-04
            384          6.0459e-04
            385          5.9784e-04
            386          6.0041e-04
            387          5.9832e-04
            388          5.9299e-04
            389          5.9156e-04
            390          5.8815e-04
            391          5.8767e-04
            392          5.8506e-04
            393          5.8427e-04
            394          5.8244e-04
            395          5.7547e-04
            396          5.7634e-04
            397          5.7164e-04
            398          5.7164e-04
            399          5.6718e-04
            400          5.6574e-04
            401          5.6140e-04
            402          5.6020e-04
            403          5.5762e-04
            404          5.5603e-04
            405          5.5449e-04
            406          5.5499e-04
            407          5.5083e-04
            408          5.4996e-04
            409          5.4551e-04
            410          5.4040e-04
            411          5.3775e-04
            412          5.4233e-04
            413          5.3902e-04
            414          5.3523e-04
            415          5.3151e-04
            416          5.2987e-04
            417          5.2605e-04
            418          5.2728e-04
            419          5.2592e-04
            420          5.2405e-04
            421          5.2149e-04
            422          5.1635e-04
            423          5.1514e-04
            424          5.1596e-04
            425          5.1130e-04
            426          5.1060e-04
            427          5.0845e-04
            428          5.0454e-04
            429          5.0539e-04
            430          5.0368e-04
            431          4.9950e-04
            432          4.9955e-04
            433          4.9652e-04
            434          4.9543e-04
            435          4.9342e-04
            436          4.9443e-04
            437          4.8926e-04
            438          4.8945e-04
            439          4.8370e-04
            440          4.8748e-04
            441          4.8386e-04
            442          4.8291e-04
            443          4.8000e-04
            444          4.7619e-04
            445          4.7483e-04
            446          4.7558e-04
            447          4.7194e-04
            448          4.7118e-04
            449          4.7028e-04
            450          4.6925e-04
            451          4.6524e-04
            452          4.6583e-04
            453          4.6269e-04
            454          4.6020e-04
            455          4.5942e-04
            456          4.5655e-04
            457          4.5475e-04
            458          4.5210e-04
            459          4.5037e-04
            460          4.5048e-04
            461          4.4751e-04
            462          4.4690e-04
            463          4.4610e-04
            464          4.4409e-04
            465          4.4261e-04
            466          4.4092e-04
            467          4.4095e-04
            468          4.3788e-04
            469          4.3821e-04
            470          4.3349e-04
            471          4.3478e-04
            472          4.3347e-04
            473          4.3235e-04
            474          4.2959e-04
            475          4.2623e-04
            476          4.2727e-04
            477          4.2276e-04
            478          4.2351e-04
            479          4.2082e-04
            480          4.2095e-04
            481          4.1981e-04
            482          4.1744e-04
            483          4.1404e-04
            484          4.1327e-04
            485          4.1157e-04
            486          4.1014e-04
            487          4.0951e-04
            488          4.0911e-04
            489          4.0598e-04
            490          4.0508e-04
            491          4.0411e-04
            492          4.0442e-04
            493          4.0139e-04
            494          3.9965e-04
            495          3.9839e-04
            496          3.9791e-04
            497          3.9607e-04
            498          3.9390e-04
            499          3.9471e-04
            500          3.9253e-04
            501          3.9130e-04
            502          3.9013e-04
            503          3.8980e-04
            504          3.8887e-04
            505          3.8613e-04
            506          3.8471e-04
            507          3.8370e-04
            508          3.8319e-04
            509          3.8098e-04
            510          3.7975e-04
            511          3.7924e-04
            512          3.8041e-04
            513          3.7534e-04
            514          3.8020e-04
            515          3.7287e-04
            516          3.7468e-04
            517          3.7222e-04
            518          3.7177e-04
            519          3.6765e-04
            520          3.6817e-04
            521          3.7060e-04
            522          3.6582e-04
            523          3.6522e-04
            524          3.6255e-04
            525          3.6127e-04
            526          3.6175e-04
            527          3.6070e-04
            528          3.5940e-04
            529          3.5681e-04
            530          3.5626e-04
            531          3.5540e-04
            532          3.5378e-04
            533          3.5257e-04
            534          3.5157e-04
            535          3.4954e-04
            536          3.4883e-04
            537          3.4865e-04
            538          3.4607e-04
            539          3.4738e-04
            540          3.4499e-04
            541          3.4549e-04
            542          3.4493e-04
            543          3.4503e-04
            544          3.4191e-04
            545          3.4113e-04
            546          3.3966e-04
            547          3.3835e-04
            548          3.3830e-04
            549          3.3575e-04
            550          3.3553e-04
            551          3.3447e-04
            552          3.3381e-04
            553          3.3174e-04
            554          3.3140e-04
            555          3.3100e-04
            556          3.2900e-04
            557          3.2827e-04
            558          3.2726e-04
            559          3.2714e-04
            560          3.2567e-04
            561          3.2466e-04
            562          3.2277e-04
            563          3.2355e-04
            564          3.2180e-04
            565          3.2074e-04
            566          3.1993e-04
            567          3.2003e-04
            568          3.1698e-04
            569          3.1796e-04
            570          3.1575e-04
            571          3.1599e-04
            572          3.1323e-04
            573          3.1292e-04
            574          3.1131e-04
            575          3.1283e-04
            576          3.0948e-04
            577          3.1027e-04
            578          3.0900e-04
            579          3.0739e-04
            580          3.0617e-04
            581          3.0702e-04
            582          3.0639e-04
            583          3.0321e-04
            584          3.0385e-04
            585          3.0268e-04
            586          3.0137e-04
            587          3.0175e-04
            588          3.0085e-04
            589          3.0038e-04
            590          2.9751e-04
            591          2.9736e-04
            592          2.9633e-04
            593          2.9622e-04
            594          2.9463e-04
            595          2.9554e-04
            596          2.9384e-04
            597          2.9381e-04
            598          2.9258e-04
            599          2.9077e-04
            600          2.8992e-04
            601          2.9109e-04
            602          2.8913e-04
            603          2.8825e-04
            604          2.8713e-04
            605          2.8522e-04
            606          2.8526e-04
            607          2.8531e-04
            608          2.8390e-04
            609          2.8223e-04
            610          2.8267e-04
            611          2.8148e-04
            612          2.8215e-04
            613          2.8239e-04
            614          2.7961e-04
            615          2.8060e-04
            616          2.7987e-04
            617          2.7918e-04
            618          2.7756e-04
            619          2.7752e-04
            620          2.7533e-04
            621          2.7584e-04
            622          2.7470e-04
            623          2.7391e-04
            624          2.7307e-04
            625          2.7082e-04
            626          2.7121e-04
            627          2.6972e-04
            628          2.6991e-04
            629          2.6906e-04
            630          2.6935e-04
            631          2.6760e-04
            632          2.6674e-04
            633          2.6605e-04
            634          2.6601e-04
            635          2.6450e-04
            636          2.6480e-04
            637          2.6393e-04
            638          2.6323e-04
            639          2.6196e-04
            640          2.5997e-04
            641          2.6060e-04
            642          2.5926e-04
            643          2.5859e-04
            644          2.5935e-04
            645          2.5744e-04
            646          2.5729e-04
            647          2.5701e-04
            648          2.5723e-04
            649          2.5577e-04
            650          2.5613e-04
            651          2.5626e-04
            652          2.5433e-04
            653          2.5318e-04
            654          2.5188e-04
            655          2.5259e-04
            656          2.5229e-04
            657          2.5126e-04
            658          2.5021e-04
            659          2.4901e-04
            660          2.4937e-04
            661          2.4868e-04
            662          2.4688e-04
            663          2.4688e-04
            664          2.4631e-04
            665          2.4558e-04
            666          2.4504e-04
            667          2.4296e-04
            668          2.4550e-04
            669          2.4343e-04
            670          2.4332e-04
            671          2.4202e-04
            672          2.4074e-04
            673          2.4119e-04
            674          2.4017e-04
            675          2.4016e-04
            676          2.3832e-04
            677          2.3936e-04
            678          2.3801e-04
            679          2.3682e-04
            680          2.3696e-04
            681          2.3583e-04
            682          2.3521e-04
            683          2.3507e-04
            684          2.3425e-04
            685          2.3425e-04
            686          2.3320e-04
            687          2.3260e-04
            688          2.3330e-04
            689          2.3170e-04
            690          2.3126e-04
            691          2.2999e-04
            692          2.2988e-04
            693          2.3044e-04
            694          2.2949e-04
            695          2.2906e-04
            696          2.2794e-04
            697          2.2793e-04
            698          2.2746e-04
            699          2.2683e-04
            700          2.2691e-04
            701          2.2521e-04
            702          2.2495e-04
            703          2.2426e-04
            704          2.2520e-04
            705          2.2500e-04
            706          2.2242e-04
            707          2.2275e-04
            708          2.2220e-04
            709          2.2095e-04
            710          2.2061e-04
            711          2.2088e-04
            712          2.2063e-04
            713          2.1973e-04
            714          2.1912e-04
            715          2.1917e-04
            716          2.1871e-04
            717          2.1858e-04
            718          2.1769e-04
            719          2.1678e-04
            720          2.1590e-04
            721          2.1536e-04
            722          2.1535e-04
            723          2.1433e-04
            724          2.1520e-04
            725          2.1411e-04
            726          2.1468e-04
            727          2.1247e-04
            728          2.1298e-04
            729          2.1219e-04
            730          2.1270e-04
            731          2.1160e-04
            732          2.1113e-04
            733          2.1037e-04
            734          2.0903e-04
            735          2.0987e-04
            736          2.0855e-04
            737          2.0827e-04
            738          2.0796e-04
            739          2.0802e-04
            740          2.0694e-04
            741          2.0608e-04
            742          2.0632e-04
            743          2.0608e-04
            744          2.0471e-04
            745          2.0589e-04
            746          2.0365e-04
            747          2.0353e-04
            748          2.0390e-04
            749          2.0320e-04
            750          2.0242e-04
            751          2.0197e-04
            752          2.0062e-04
            753          2.0092e-04
            754          2.0138e-04
            755          2.0063e-04
            756          2.0037e-04
            757          2.0001e-04
            758          1.9964e-04
            759          1.9923e-04
            760          1.9798e-04
            761          1.9798e-04
            762          1.9703e-04
            763          1.9641e-04
            764          1.9593e-04
            765          1.9602e-04
            766          1.9500e-04
            767          1.9483e-04
            768          1.9431e-04
            769          1.9514e-04
            770          1.9432e-04
            771          1.9440e-04
            772          1.9323e-04
            773          1.9239e-04
            774          1.9346e-04
            775          1.9258e-04
            776          1.9258e-04
            777          1.9259e-04
            778          1.9077e-04
            779          1.9050e-04
            780          1.9058e-04
            781          1.9118e-04
            782          1.8998e-04
            783          1.8950e-04
            784          1.8940e-04
            785          1.8864e-04
            786          1.8675e-04
            787          1.8866e-04
            788          1.8761e-04
            789          1.8823e-04
            790          1.8698e-04
            791          1.8666e-04
            792          1.8710e-04
            793          1.8597e-04
            794          1.8593e-04
            795          1.8523e-04
            796          1.8547e-04
            797          1.8455e-04
            798          1.8335e-04
            799          1.8385e-04
            800          1.8351e-04
            801          1.8390e-04
            802          1.8355e-04
            803          1.8230e-04
            804          1.8108e-04
            805          1.8114e-04
            806          1.8087e-04
            807          1.8083e-04
            808          1.8072e-04
            809          1.8071e-04
            810          1.7971e-04
            811          1.7912e-04
            812          1.7839e-04
            813          1.7861e-04
            814          1.7917e-04
            815          1.7807e-04
            816          1.7811e-04
            817          1.7705e-04
            818          1.7740e-04
            819          1.7651e-04
            820          1.7760e-04
            821          1.7590e-04
            822          1.7575e-04
            823          1.7546e-04
            824          1.7590e-04
            825          1.7472e-04
            826          1.7406e-04
            827          1.7463e-04
            828          1.7373e-04
            829          1.7357e-04
            830          1.7385e-04
            831          1.7271e-04
            832          1.7202e-04
            833          1.7284e-04
            834          1.7220e-04
            835          1.7215e-04
            836          1.7218e-04
            837          1.7111e-04
            838          1.7082e-04
            839          1.6967e-04
            840          1.6964e-04
            841          1.7001e-04
            842          1.7088e-04
            843          1.6967e-04
            844          1.6891e-04
            845          1.6881e-04
            846          1.6844e-04
            847          1.6769e-04
            848          1.6773e-04
            849          1.6770e-04
            850          1.6689e-04
            851          1.6638e-04
            852          1.6655e-04
            853          1.6589e-04
            854          1.6545e-04
            855          1.6525e-04
            856          1.6541e-04
            857          1.6550e-04
            858          1.6443e-04
            859          1.6492e-04
            860          1.6401e-04
            861          1.6389e-04
            862          1.6391e-04
            863          1.6372e-04
            864          1.6356e-04
            865          1.6298e-04
            866          1.6234e-04
            867          1.6262e-04
            868          1.6258e-04
            869          1.6187e-04
            870          1.6177e-04
            871          1.6122e-04
            872          1.6069e-04
            873          1.6055e-04
            874          1.6020e-04
            875          1.5920e-04
            876          1.5925e-04
            877          1.5915e-04
            878          1.6006e-04
            879          1.5893e-04
            880          1.5807e-04
            881          1.5783e-04
            882          1.5860e-04
            883          1.5773e-04
            884          1.5781e-04
            885          1.5704e-04
            886          1.5753e-04
            887          1.5699e-04
            888          1.5613e-04
            889          1.5652e-04
            890          1.5607e-04
            891          1.5631e-04
            892          1.5617e-04
            893          1.5528e-04
            894          1.5484e-04
            895          1.5501e-04
            896          1.5496e-04
            897          1.5463e-04
            898          1.5446e-04
            899          1.5430e-04
            900          1.5267e-04
            901          1.5361e-04
            902          1.5304e-04
            903          1.5331e-04
            904          1.5275e-04
            905          1.5198e-04
            906          1.5172e-04
            907          1.5156e-04
            908          1.5047e-04
            909          1.5141e-04
            910          1.5136e-04
            911          1.5102e-04
            912          1.5073e-04
            913          1.5002e-04
            914          1.4909e-04
            915          1.4859e-04
            916          1.4982e-04
            917          1.4895e-04
            918          1.4922e-04
            919          1.4882e-04
            920          1.4907e-04
            921          1.4828e-04
            922          1.4806e-04
            923          1.4777e-04
            924          1.4877e-04
            925          1.4774e-04
            926          1.4688e-04
            927          1.4708e-04
            928          1.4610e-04
            929          1.4655e-04
            930          1.4585e-04
            931          1.4701e-04
            932          1.4605e-04
            933          1.4603e-04
            934          1.4500e-04
            935          1.4525e-04
            936          1.4522e-04
            937          1.4421e-04
            938          1.4464e-04
            939          1.4382e-04
            940          1.4403e-04
            941          1.4344e-04
            942          1.4393e-04
            943          1.4304e-04
            944          1.4270e-04
            945          1.4311e-04
            946          1.4282e-04
            947          1.4287e-04
            948          1.4253e-04
            949          1.4168e-04
            950          1.4170e-04
            951          1.4170e-04
            952          1.4137e-04
            953          1.4174e-04
            954          1.4168e-04
            955          1.4097e-04
            956          1.4022e-04
            957          1.4106e-04
            958          1.4065e-04
            959          1.3996e-04
            960          1.4036e-04
            961          1.3875e-04
            962          1.3933e-04
            963          1.3881e-04
            964          1.3902e-04
            965          1.3870e-04
            966          1.3887e-04
            967          1.3845e-04
            968          1.3792e-04
            969          1.3817e-04
            970          1.3803e-04
            971          1.3764e-04
            972          1.3777e-04
            973          1.3705e-04
            974          1.3712e-04
            975          1.3664e-04
            976          1.3681e-04
            977          1.3611e-04
            978          1.3564e-04
            979          1.3617e-04
            980          1.3586e-04
            981          1.3521e-04
            982          1.3478e-04
            983          1.3520e-04
            984          1.3518e-04
            985          1.3441e-04
            986          1.3432e-04
            987          1.3445e-04
            988          1.3379e-04
            989          1.3358e-04
            990          1.3350e-04
            991          1.3349e-04
            992          1.3322e-04
            993          1.3311e-04
            994          1.3296e-04
            995          1.3245e-04
            996          1.3299e-04
            997          1.3235e-04
            998          1.3149e-04
            999          1.3206e-04
           1000          1.3164e-04
