              0          1.0000e+00
              1          2.5908e-01
              2          1.5270e-01
              3          1.0545e-01
              4          7.9435e-02
              5          6.3227e-02
              6          5.3203e-02
              7          4.5700e-02
              8          4.0154e-02
              9          3.6006e-02
             10          3.2718e-02
             11          3.0033e-02
             12          2.7675e-02
             13          2.5749e-02
             14          2.4156e-02
             15          2.2731e-02
             16          2.1389e-02
             17          2.0281e-02
             18          1.9394e-02
             19          1.8445e-02
             20          1.7691e-02
             21          1.6916e-02
             22          1.6172e-02
             23          1.5538e-02
             24          1.4947e-02
             25          1.4445e-02
             26          1.3914e-02
             27          1.3459e-02
             28          1.3050e-02
             29          1.2657e-02
             30          1.2202e-02
             31          1.1889e-02
             32          1.1539e-02
             33          1.1224e-02
             34          1.0889e-02
             35          1.0580e-02
             36          1.0332e-02
             37          1.0066e-02
             38          9.8469e-03
             39          9.5855e-03
             40          9.3773e-03
             41          9.1770e-03
             42          8.9590e-03
             43          8.7517e-03
             44          8.5630e-03
             45          8.3580e-03
             46          8.2613e-03
             47          8.0766e-03
             48          7.9035e-03
             49          7.7294e-03
             50          7.6079e-03
             51          7.4620e-03
             52          7.3456e-03
             53          7.1955e-03
             54          7.0592e-03
             55          6.9423e-03
             56          6.7989e-03
             57          6.7000e-03
             58          6.5901e-03
             59          6.4666e-03
             60          6.3712e-03
             61          6.2706e-03
             62          6.1596e-03
             63          6.0697e-03
             64          5.9688e-03
             65          5.9159e-03
             66          5.7908e-03
             67          5.7124e-03
             68          5.6342e-03
             69          5.5385e-03
             70          5.4565e-03
             71          5.3822e-03
             72          5.2910e-03
             73          5.2157e-03
             74          5.1326e-03
             75          5.0789e-03
             76          5.0220e-03
             77          4.9606e-03
             78          4.8869e-03
             79          4.7973e-03
             80          4.7524e-03
             81          4.6781e-03
             82          4.6344e-03
             83          4.5705e-03
             84          4.5146e-03
             85          4.4458e-03
             86          4.4067e-03
             87          4.3533e-03
             88          4.3001e-03
             89          4.2508e-03
             90          4.1846e-03
             91          4.1365e-03
             92          4.1021e-03
             93          4.0459e-03
             94          4.0010e-03
             95          3.9598e-03
             96          3.9081e-03
             97          3.8575e-03
             98          3.8364e-03
             99          3.7937e-03
            100          3.7509e-03
            101          3.6940e-03
            102          3.6395e-03
            103          3.6137e-03
            104          3.5745e-03
            105          3.5335e-03
            106          3.4878e-03
            107          3.4688e-03
            108          3.4225e-03
            109          3.3932e-03
            110          3.3538e-03
            111          3.3162e-03
            112          3.2881e-03
            113          3.2619e-03
            114          3.2119e-03
            115          3.1839e-03
            116          3.1551e-03
            117          3.1231e-03
            118          3.0966e-03
            119          3.0661e-03
            120          3.0304e-03
            121          2.9899e-03
            122          2.9707e-03
            123          2.9483e-03
            124          2.9120e-03
            125          2.8929e-03
            126          2.8642e-03
            127          2.8375e-03
            128          2.7984e-03
            129          2.7845e-03
            130          2.7583e-03
            131          2.7266e-03
            132          2.6964e-03
            133          2.6891e-03
            134          2.6508e-03
            135          2.6264e-03
            136          2.6129e-03
            137          2.5897e-03
            138          2.5534e-03
            139          2.5455e-03
            140          2.5147e-03
            141          2.5041e-03
            142          2.4775e-03
            143          2.4690e-03
            144          2.4371e-03
            145          2.4112e-03
            146          2.3843e-03
            147          2.3765e-03
            148          2.3425e-03
            149          2.3233e-03
            150          2.3061e-03
            151          2.2793e-03
            152          2.2670e-03
            153          2.2507e-03
            154          2.2399e-03
            155          2.2219e-03
            156          2.2031e-03
            157          2.1685e-03
            158          2.1736e-03
            159          2.1542e-03
            160          2.1288e-03
            161          2.1129e-03
            162          2.0981e-03
            163          2.0837e-03
            164          2.0589e-03
            165          2.0485e-03
            166          2.0272e-03
            167          2.0094e-03
            168          1.9870e-03
            169          1.9875e-03
            170          1.9695e-03
            171          1.9518e-03
            172          1.9400e-03
            173          1.9205e-03
            174          1.9089e-03
            175          1.8905e-03
            176          1.8713e-03
            177          1.8735e-03
            178          1.8502e-03
            179          1.8391e-03
            180          1.8244e-03
            181          1.8170e-03
            182          1.8042e-03
            183          1.7847e-03
            184          1.7754e-03
            185          1.7597e-03
            186          1.7502e-03
            187          1.7367e-03
            188          1.7248e-03
            189          1.7105e-03
            190          1.7024e-03
            191          1.6869e-03
            192          1.6719e-03
            193          1.6615e-03
            194          1.6492e-03
            195          1.6464e-03
            196          1.6255e-03
            197          1.6245e-03
            198          1.6080e-03
            199          1.5928e-03
            200          1.5815e-03
            201          1.5844e-03
            202          1.5692e-03
            203          1.5583e-03
            204          1.5491e-03
            205          1.5360e-03
            206          1.5257e-03
            207          1.5132e-03
            208          1.5059e-03
            209          1.4945e-03
            210          1.4781e-03
            211          1.4755e-03
            212          1.4655e-03
            213          1.4591e-03
            214          1.4509e-03
            215          1.4441e-03
            216          1.4294e-03
            217          1.4152e-03
            218          1.4156e-03
            219          1.4004e-03
            220          1.3902e-03
            221          1.3783e-03
            222          1.3778e-03
            223          1.3708e-03
            224          1.3603e-03
            225          1.3506e-03
            226          1.3395e-03
            227          1.3256e-03
            228          1.3240e-03
            229          1.3216e-03
            230          1.3119e-03
            231          1.3011e-03
            232          1.2958e-03
            233          1.2855e-03
            234          1.2788e-03
            235          1.2746e-03
            236          1.2605e-03
            237          1.2515e-03
            238          1.2471e-03
            239          1.2365e-03
            240          1.2248e-03
            241          1.2237e-03
            242          1.2130e-03
            243          1.2069e-03
            244          1.1971e-03
            245          1.1934e-03
            246          1.1914e-03
            247          1.1867e-03
            248          1.1768e-03
            249          1.1685e-03
            250          1.1653e-03
            251          1.1611e-03
            252          1.1468e-03
            253          1.1351e-03
            254          1.1336e-03
            255          1.1311e-03
            256          1.1266e-03
            257          1.1208e-03
            258          1.1120e-03
            259          1.1037e-03
            260          1.0965e-03
            261          1.0910e-03
            262          1.0896e-03
            263          1.0838e-03
            264          1.0729e-03
            265          1.0670e-03
            266          1.0640e-03
            267          1.0542e-03
            268          1.0525e-03
            269          1.0484e-03
            270          1.0417e-03
            271          1.0337e-03
            272          1.0280e-03
            273          1.0234e-03
            274          1.0184e-03
            275          1.0060e-03
            276          1.0032e-03
            277          9.9590e-04
            278          9.9627e-04
            279          9.9004e-04
            280          9.8250e-04
            281          9.8133e-04
            282          9.7633e-04
            283          9.6886e-04
            284          9.6362e-04
            285          9.5566e-04
            286          9.5688e-04
            287          9.5161e-04
            288          9.4585e-04
            289          9.4102e-04
            290          9.3594e-04
            291          9.3307e-04
            292          9.2627e-04
            293          9.2334e-04
            294          9.1793e-04
            295          9.1048e-04
            296          9.0661e-04
            297          9.0488e-04
            298          8.9669e-04
            299          8.9038e-04
            300          8.8850e-04
            301          8.8365e-04
            302          8.8266e-04
            303          8.7705e-04
            304          8.7108e-04
            305          8.6598e-04
            306          8.6005e-04
            307          8.5620e-04
            308          8.5496e-04
            309          8.5301e-04
            310          8.4553e-04
            311          8.4409e-04
            312          8.3544e-04
            313          8.3248e-04
            314          8.3162e-04
            315          8.2370e-04
            316          8.1763e-04
            317          8.1389e-04
            318          8.1297e-04
            319          8.1029e-04
            320          8.0900e-04
            321          7.9407e-04
            322          7.9486e-04
            323          7.9522e-04
            324          7.8907e-04
            325          7.8525e-04
            326          7.8103e-04
            327          7.7900e-04
            328          7.7442e-04
            329          7.6977e-04
            330          7.6374e-04
            331          7.6555e-04
            332          7.6151e-04
            333          7.5465e-04
            334          7.5376e-04
            335          7.5171e-04
            336          7.4688e-04
            337          7.4423e-04
            338          7.3919e-04
            339          7.3699e-04
            340          7.3322e-04
            341          7.2878e-04
            342          7.2691e-04
            343          7.2572e-04
            344          7.2195e-04
            345          7.1658e-04
            346          7.1631e-04
            347          7.1097e-04
            348          7.0560e-04
            349          7.0462e-04
            350          7.0079e-04
            351          6.9850e-04
            352          6.9296e-04
            353          6.9160e-04
            354          6.9033e-04
            355          6.8476e-04
            356          6.8396e-04
            357          6.8127e-04
            358          6.7888e-04
            359          6.7527e-04
            360          6.7259e-04
            361          6.6756e-04
            362          6.6565e-04
            363          6.6028e-04
            364          6.5590e-04
            365          6.5756e-04
            366          6.5627e-04
            367          6.5063e-04
            368          6.4677e-04
            369          6.4400e-04
            370          6.4258e-04
            371          6.4017e-04
            372          6.3574e-04
            373          6.3649e-04
            374          6.2964e-04
            375          6.2967e-04
            376          6.2443e-04
            377          6.2268e-04
            378          6.1912e-04
            379          6.1638e-04
            380          6.1415e-04
            381          6.1229e-04
            382          6.1252e-04
            383          6.0766e-04
            384          6.0571e-04
            385          6.0717e-04
            386          6.0174e-04
            387          6.0183e-04
            388          5.9962e-04
            389          5.9276e-04
            390          5.9137e-04
            391          5.8960e-04
            392          5.8825e-04
            393          5.8421e-04
            394          5.8101e-04
            395          5.7749e-04
            396          5.7362e-04
            397          5.7384e-04
            398          5.7065e-04
            399          5.7033e-04
            400          5.6756e-04
            401          5.6775e-04
            402          5.6234e-04
            403          5.6455e-04
            404          5.5748e-04
            405          5.5634e-04
            406          5.5120e-04
            407          5.4945e-04
            408          5.4783e-04
            409          5.4969e-04
            410          5.4403e-04
            411          5.4619e-04
            412          5.4266e-04
            413          5.3985e-04
            414          5.3931e-04
            415          5.3621e-04
            416          5.3079e-04
            417          5.3048e-04
            418          5.2945e-04
            419          5.2744e-04
            420          5.2780e-04
            421          5.2010e-04
            422          5.1943e-04
            423          5.1902e-04
            424          5.1468e-04
            425          5.1347e-04
            426          5.0917e-04
            427          5.1168e-04
            428          5.1122e-04
            429          5.0504e-04
            430          5.0317e-04
            431          5.0407e-04
            432          5.0062e-04
            433          4.9684e-04
            434          4.9709e-04
            435          4.9424e-04
            436          4.9619e-04
            437          4.8881e-04
            438          4.9089e-04
            439          4.8542e-04
            440          4.8633e-04
            441          4.8289e-04
            442          4.8394e-04
            443          4.8261e-04
            444          4.7749e-04
            445          4.7829e-04
            446          4.7307e-04
            447          4.7327e-04
            448          4.7260e-04
            449          4.7154e-04
            450          4.6897e-04
            451          4.6735e-04
            452          4.6401e-04
            453          4.6149e-04
            454          4.6005e-04
            455          4.5930e-04
            456          4.5559e-04
            457          4.5815e-04
            458          4.5604e-04
            459          4.5482e-04
            460          4.5192e-04
            461          4.4991e-04
            462          4.4787e-04
            463          4.4745e-04
            464          4.4451e-04
            465          4.4304e-04
            466          4.4175e-04
            467          4.3954e-04
            468          4.3864e-04
            469          4.3791e-04
            470          4.3863e-04
            471          4.3415e-04
            472          4.3202e-04
            473          4.2988e-04
            474          4.2908e-04
            475          4.2876e-04
            476          4.2903e-04
            477          4.2627e-04
            478          4.2451e-04
            479          4.2290e-04
            480          4.2122e-04
            481          4.1964e-04
            482          4.1996e-04
            483          4.1695e-04
            484          4.1484e-04
            485          4.1469e-04
            486          4.1314e-04
            487          4.1125e-04
            488          4.0912e-04
            489          4.0776e-04
            490          4.0702e-04
            491          4.0492e-04
            492          4.0241e-04
            493          4.0234e-04
            494          4.0061e-04
            495          4.0174e-04
            496          3.9808e-04
            497          3.9869e-04
            498          3.9637e-04
            499          3.9521e-04
            500          3.9219e-04
            501          3.9065e-04
            502          3.9064e-04
            503          3.8900e-04
            504          3.8745e-04
            505          3.8681e-04
            506          3.8486e-04
            507          3.8288e-04
            508          3.8237e-04
            509          3.8138e-04
            510          3.8244e-04
            511          3.8001e-04
            512          3.7886e-04
            513          3.7600e-04
            514          3.7448e-04
            515          3.7579e-04
            516          3.7195e-04
            517          3.7092e-04
            518          3.7062e-04
            519          3.7015e-04
            520          3.6950e-04
            521          3.6797e-04
            522          3.6689e-04
            523          3.6572e-04
            524          3.6389e-04
            525          3.6039e-04
            526          3.6227e-04
            527          3.6056e-04
            528          3.6019e-04
            529          3.5951e-04
            530          3.5732e-04
            531          3.5695e-04
            532          3.5346e-04
            533          3.5363e-04
            534          3.5339e-04
            535          3.5091e-04
            536          3.5105e-04
            537          3.4959e-04
            538          3.5022e-04
            539          3.4827e-04
            540          3.4787e-04
            541          3.4632e-04
            542          3.4533e-04
            543          3.4138e-04
            544          3.4060e-04
            545          3.4007e-04
            546          3.4076e-04
            547          3.3907e-04
            548          3.3670e-04
            549          3.3674e-04
            550          3.3562e-04
            551          3.3515e-04
            552          3.3552e-04
            553          3.3356e-04
            554          3.3162e-04
            555          3.3135e-04
            556          3.3072e-04
            557          3.2993e-04
            558          3.2827e-04
            559          3.2666e-04
            560          3.2586e-04
            561          3.2544e-04
            562          3.2380e-04
            563          3.2346e-04
            564          3.2097e-04
            565          3.2261e-04
            566          3.2073e-04
            567          3.1750e-04
            568          3.1828e-04
            569          3.1756e-04
            570          3.1662e-04
            571          3.1411e-04
            572          3.1521e-04
            573          3.1384e-04
            574          3.1389e-04
            575          3.1191e-04
            576          3.1135e-04
            577          3.1070e-04
            578          3.0923e-04
            579          3.0857e-04
            580          3.0575e-04
            581          3.0811e-04
            582          3.0520e-04
            583          3.0480e-04
            584          3.0330e-04
            585          3.0394e-04
            586          3.0306e-04
            587          3.0169e-04
            588          2.9961e-04
            589          2.9874e-04
            590          3.0128e-04
            591          2.9728e-04
            592          2.9796e-04
            593          2.9626e-04
            594          2.9638e-04
            595          2.9534e-04
            596          2.9449e-04
            597          2.9195e-04
            598          2.9188e-04
            599          2.9245e-04
            600          2.9290e-04
            601          2.9052e-04
            602          2.9020e-04
            603          2.8863e-04
            604          2.8745e-04
            605          2.8725e-04
            606          2.8460e-04
            607          2.8482e-04
            608          2.8375e-04
            609          2.8489e-04
            610          2.8264e-04
            611          2.8201e-04
            612          2.8151e-04
            613          2.8085e-04
            614          2.8029e-04
            615          2.7902e-04
            616          2.7927e-04
            617          2.7705e-04
            618          2.7665e-04
            619          2.7679e-04
            620          2.7558e-04
            621          2.7466e-04
            622          2.7300e-04
            623          2.7353e-04
            624          2.7171e-04
            625          2.7125e-04
            626          2.7111e-04
            627          2.6937e-04
            628          2.7003e-04
            629          2.6748e-04
            630          2.6919e-04
            631          2.6559e-04
            632          2.6603e-04
            633          2.6556e-04
            634          2.6646e-04
            635          2.6500e-04
            636          2.6340e-04
            637          2.6210e-04
            638          2.6117e-04
            639          2.6118e-04
            640          2.6101e-04
            641          2.6108e-04
            642          2.6004e-04
            643          2.5973e-04
            644          2.6059e-04
            645          2.5768e-04
            646          2.5781e-04
            647          2.5749e-04
            648          2.5574e-04
            649          2.5491e-04
            650          2.5507e-04
            651          2.5419e-04
            652          2.5496e-04
            653          2.5317e-04
            654          2.5319e-04
            655          2.5375e-04
            656          2.5154e-04
            657          2.5118e-04
            658          2.5062e-04
            659          2.4901e-04
            660          2.4764e-04
            661          2.4748e-04
            662          2.4718e-04
            663          2.4620e-04
            664          2.4619e-04
            665          2.4521e-04
            666          2.4494e-04
            667          2.4391e-04
            668          2.4344e-04
            669          2.4314e-04
            670          2.4262e-04
            671          2.4171e-04
            672          2.4142e-04
            673          2.4185e-04
            674          2.4022e-04
            675          2.3924e-04
            676          2.3954e-04
            677          2.3892e-04
            678          2.3717e-04
            679          2.3722e-04
            680          2.3711e-04
            681          2.3683e-04
            682          2.3638e-04
            683          2.3492e-04
            684          2.3479e-04
            685          2.3379e-04
            686          2.3173e-04
            687          2.3203e-04
            688          2.3155e-04
            689          2.3147e-04
            690          2.3011e-04
            691          2.3039e-04
            692          2.3046e-04
            693          2.3000e-04
            694          2.2914e-04
            695          2.2899e-04
            696          2.2819e-04
            697          2.2798e-04
            698          2.2875e-04
            699          2.2740e-04
            700          2.2542e-04
            701          2.2621e-04
            702          2.2530e-04
            703          2.2515e-04
            704          2.2529e-04
            705          2.2355e-04
            706          2.2249e-04
            707          2.2210e-04
            708          2.2109e-04
            709          2.2088e-04
            710          2.2083e-04
            711          2.2140e-04
            712          2.1905e-04
            713          2.1935e-04
            714          2.1944e-04
            715          2.1796e-04
            716          2.1760e-04
            717          2.1710e-04
            718          2.1574e-04
            719          2.1568e-04
            720          2.1659e-04
            721          2.1585e-04
            722          2.1540e-04
            723          2.1450e-04
            724          2.1427e-04
            725          2.1382e-04
            726          2.1297e-04
            727          2.1199e-04
            728          2.1154e-04
            729          2.1181e-04
            730          2.1223e-04
            731          2.1101e-04
            732          2.1107e-04
            733          2.0933e-04
            734          2.0949e-04
            735          2.0987e-04
            736          2.0820e-04
            737          2.0750e-04
            738          2.0755e-04
            739          2.0616e-04
            740          2.0566e-04
            741          2.0635e-04
            742          2.0574e-04
            743          2.0589e-04
            744          2.0519e-04
            745          2.0539e-04
            746          2.0341e-04
            747          2.0267e-04
            748          2.0386e-04
            749          2.0259e-04
            750          2.0217e-04
            751          2.0296e-04
            752          2.0191e-04
            753          2.0169e-04
            754          2.0054e-04
            755          1.9900e-04
            756          1.9864e-04
            757          1.9957e-04
            758          1.9985e-04
            759          1.9914e-04
            760          1.9803e-04
            761          1.9793e-04
            762          1.9659e-04
            763          1.9604e-04
            764          1.9724e-04
            765          1.9639e-04
            766          1.9549e-04
            767          1.9461e-04
            768          1.9505e-04
            769          1.9466e-04
            770          1.9553e-04
            771          1.9265e-04
            772          1.9375e-04
            773          1.9372e-04
            774          1.9178e-04
            775          1.9249e-04
            776          1.9244e-04
            777          1.9114e-04
            778          1.9094e-04
            779          1.9074e-04
            780          1.9017e-04
            781          1.9017e-04
            782          1.8958e-04
            783          1.8851e-04
            784          1.8879e-04
            785          1.8757e-04
            786          1.8770e-04
            787          1.8769e-04
            788          1.8683e-04
            789          1.8670e-04
            790          1.8652e-04
            791          1.8719e-04
            792          1.8474e-04
            793          1.8531e-04
            794          1.8463e-04
            795          1.8440e-04
            796          1.8488e-04
            797          1.8502e-04
            798          1.8370e-04
            799          1.8320e-04
            800          1.8239e-04
            801          1.8312e-04
            802          1.8238e-04
            803          1.8205e-04
            804          1.8112e-04
            805          1.8127e-04
            806          1.8143e-04
            807          1.8017e-04
            808          1.8028e-04
            809          1.7987e-04
            810          1.7977e-04
            811          1.7942e-04
            812          1.7816e-04
            813          1.7899e-04
            814          1.7845e-04
            815          1.7747e-04
            816          1.7778e-04
            817          1.7712e-04
            818          1.7694e-04
            819          1.7680e-04
            820          1.7539e-04
            821          1.7538e-04
            822          1.7539e-04
            823          1.7566e-04
            824          1.7412e-04
            825          1.7384e-04
            826          1.7449e-04
            827          1.7338e-04
            828          1.7295e-04
            829          1.7259e-04
            830          1.7304e-04
            831          1.7229e-04
            832          1.7248e-04
            833          1.7205e-04
            834          1.7230e-04
            835          1.7153e-04
            836          1.7093e-04
            837          1.7049e-04
            838          1.7065e-04
            839          1.7088e-04
            840          1.6929e-04
            841          1.6945e-04
            842          1.6931e-04
            843          1.6896e-04
            844          1.6935e-04
            845          1.6871e-04
            846          1.6855e-04
            847          1.6764e-04
            848          1.6720e-04
            849          1.6628e-04
            850          1.6748e-04
            851          1.6640e-04
            852          1.6679e-04
            853          1.6616e-04
            854          1.6496e-04
            855          1.6581e-04
            856          1.6494e-04
            857          1.6521e-04
            858          1.6506e-04
            859          1.6421e-04
            860          1.6350e-04
            861          1.6428e-04
            862          1.6398e-04
            863          1.6257e-04
            864          1.6257e-04
            865          1.6300e-04
            866          1.6267e-04
            867          1.6131e-04
            868          1.6161e-04
            869          1.6105e-04
            870          1.6074e-04
            871          1.6113e-04
            872          1.6047e-04
            873          1.5962e-04
            874          1.5967e-04
            875          1.5972e-04
            876          1.5893e-04
            877          1.5910e-04
            878          1.5926e-04
            879          1.5820e-04
            880          1.5854e-04
            881          1.5788e-04
            882          1.5761e-04
            883          1.5765e-04
            884          1.5739e-04
            885          1.5679e-04
            886          1.5660e-04
            887          1.5599e-04
            888          1.5625e-04
            889          1.5581e-04
            890          1.5568e-04
            891          1.5530e-04
            892          1.5515e-04
            893          1.5521e-04
            894          1.5424e-04
            895          1.5475e-04
            896          1.5443e-04
            897          1.5374e-04
            898          1.5383e-04
            899          1.5334e-04
            900          1.5326e-04
            901          1.5289e-04
            902          1.5284e-04
            903          1.5170e-04
            904          1.5293e-04
            905          1.5114e-04
            906          1.5188e-04
            907          1.5110e-04
            908          1.5170e-04
            909          1.5092e-04
            910          1.5065e-04
            911          1.4991e-04
            912          1.5014e-04
            913          1.4968e-04
            914          1.5012e-04
            915          1.4957e-04
            916          1.4939e-04
            917          1.4969e-04
            918          1.4830e-04
            919          1.4856e-04
            920          1.4827e-04
            921          1.4837e-04
            922          1.4818e-04
            923          1.4759e-04
            924          1.4719e-04
            925          1.4683e-04
            926          1.4669e-04
            927          1.4594e-04
            928          1.4652e-04
            929          1.4642e-04
            930          1.4588e-04
            931          1.4614e-04
            932          1.4531e-04
            933          1.4529e-04
            934          1.4491e-04
            935          1.4442e-04
            936          1.4409e-04
            937          1.4468e-04
            938          1.4421e-04
            939          1.4409e-04
            940          1.4368e-04
            941          1.4353e-04
            942          1.4296e-04
            943          1.4298e-04
            944          1.4338e-04
            945          1.4286e-04
            946          1.4251e-04
            947          1.4208e-04
            948          1.4206e-04
            949          1.4146e-04
            950          1.4141e-04
            951          1.4176e-04
            952          1.4170e-04
            953          1.4064e-04
            954          1.3980e-04
            955          1.4058e-04
            956          1.4056e-04
            957          1.4086e-04
            958          1.4027e-04
            959          1.4032e-04
            960          1.3915e-04
            961          1.3867e-04
            962          1.3874e-04
            963          1.3932e-04
            964          1.3810e-04
            965          1.3787e-04
            966          1.3796e-04
            967          1.3688e-04
            968          1.3790e-04
            969          1.3750e-04
            970          1.3767e-04
            971          1.3751e-04
            972          1.3713e-04
            973          1.3728e-04
            974          1.3685e-04
            975          1.3632e-04
            976          1.3678e-04
            977          1.3566e-04
            978          1.3563e-04
            979          1.3511e-04
            980          1.3515e-04
            981          1.3466e-04
            982          1.3551e-04
            983          1.3477e-04
            984          1.3516e-04
            985          1.3448e-04
            986          1.3456e-04
            987          1.3407e-04
            988          1.3486e-04
            989          1.3374e-04
            990          1.3387e-04
            991          1.3337e-04
            992          1.3319e-04
            993          1.3332e-04
            994          1.3292e-04
            995          1.3243e-04
            996          1.3173e-04
            997          1.3190e-04
            998          1.3220e-04
            999          1.3170e-04
           1000          1.3190e-04
