              0          1.0000e+00
              1          9.9156e-02
              2          5.8332e-02
              3          4.1075e-02
              4          3.0794e-02
              5          2.4079e-02
              6          1.9425e-02
              7          1.6050e-02
              8          1.3491e-02
              9          1.1518e-02
             10          9.9997e-03
             11          8.7326e-03
             12          7.7656e-03
             13          6.9774e-03
             14          6.3469e-03
             15          5.7226e-03
             16          5.2174e-03
             17          4.7932e-03
             18          4.4535e-03
             19          4.1317e-03
             20          3.8626e-03
             21          3.6291e-03
             22          3.4338e-03
             23          3.2411e-03
             24          3.0518e-03
             25          2.8999e-03
             26          2.7722e-03
             27          2.6432e-03
             28          2.5277e-03
             29          2.4273e-03
             30          2.3182e-03
             31          2.2302e-03
             32          2.1395e-03
             33          2.0622e-03
             34          1.9838e-03
             35          1.9120e-03
             36          1.8528e-03
             37          1.7926e-03
             38          1.7384e-03
             39          1.6891e-03
             40          1.6318e-03
             41          1.5892e-03
             42          1.5383e-03
             43          1.4986e-03
             44          1.4614e-03
             45          1.4207e-03
             46          1.3814e-03
             47          1.3430e-03
             48          1.3124e-03
             49          1.2792e-03
             50          1.2505e-03
             51          1.2173e-03
             52          1.1915e-03
             53          1.1652e-03
             54          1.1426e-03
             55          1.1129e-03
             56          1.0870e-03
             57          1.0642e-03
             58          1.0434e-03
             59          1.0244e-03
             60          1.0003e-03
             61          9.8274e-04
             62          9.6268e-04
             63          9.4584e-04
             64          9.3017e-04
             65          9.1064e-04
             66          8.9530e-04
             67          8.8036e-04
             68          8.6106e-04
             69          8.4859e-04
             70          8.3409e-04
             71          8.2130e-04
             72          8.0694e-04
             73          7.9793e-04
             74          7.7899e-04
             75          7.6554e-04
             76          7.5185e-04
             77          7.3967e-04
             78          7.3047e-04
             79          7.1788e-04
             80          7.0294e-04
             81          6.9116e-04
             82          6.8139e-04
             83          6.6955e-04
             84          6.5924e-04
             85          6.5123e-04
             86          6.4235e-04
             87          6.3491e-04
             88          6.2541e-04
             89          6.1789e-04
             90          6.0834e-04
             91          6.0158e-04
             92          5.9070e-04
             93          5.8432e-04
             94          5.7725e-04
             95          5.6777e-04
             96          5.6060e-04
             97          5.5533e-04
             98          5.4490e-04
             99          5.3791e-04
            100          5.3031e-04
            101          5.2309e-04
            102          5.1492e-04
            103          5.1043e-04
            104          5.0339e-04
            105          4.9689e-04
            106          4.9110e-04
            107          4.8769e-04
            108          4.8392e-04
            109          4.7965e-04
            110          4.7338e-04
            111          4.6885e-04
            112          4.6339e-04
            113          4.5823e-04
            114          4.4972e-04
            115          4.4435e-04
            116          4.4087e-04
            117          4.3589e-04
            118          4.3162e-04
            119          4.2687e-04
            120          4.2271e-04
            121          4.1568e-04
            122          4.1210e-04
            123          4.0742e-04
            124          4.0409e-04
            125          4.0070e-04
            126          3.9663e-04
            127          3.9388e-04
            128          3.8777e-04
            129          3.8331e-04
            130          3.7933e-04
            131          3.7562e-04
            132          3.7247e-04
            133          3.6839e-04
            134          3.6455e-04
            135          3.6048e-04
            136          3.5882e-04
            137          3.5451e-04
            138          3.5040e-04
            139          3.4743e-04
            140          3.4260e-04
            141          3.4023e-04
            142          3.3595e-04
            143          3.3220e-04
            144          3.3041e-04
            145          3.2595e-04
            146          3.2330e-04
            147          3.2008e-04
            148          3.1695e-04
            149          3.1309e-04
            150          3.1210e-04
            151          3.0979e-04
            152          3.0650e-04
            153          3.0357e-04
            154          3.0190e-04
            155          2.9969e-04
            156          2.9698e-04
            157          2.9418e-04
            158          2.9040e-04
            159          2.8905e-04
            160          2.8757e-04
            161          2.8640e-04
            162          2.8303e-04
            163          2.8475e-04
            164          2.8088e-04
            165          2.7646e-04
            166          2.7263e-04
            167          2.7072e-04
            168          2.6938e-04
            169          2.6704e-04
            170          2.6402e-04
            171          2.6082e-04
            172          2.5782e-04
            173          2.5610e-04
            174          2.5430e-04
            175          2.5218e-04
            176          2.5016e-04
            177          2.4782e-04
            178          2.4572e-04
            179          2.4356e-04
            180          2.4186e-04
            181          2.4017e-04
            182          2.3918e-04
            183          2.3712e-04
            184          2.3574e-04
            185          2.3414e-04
            186          2.3227e-04
            187          2.3068e-04
            188          2.2869e-04
            189          2.2813e-04
            190          2.2812e-04
            191          2.2566e-04
            192          2.2472e-04
            193          2.2231e-04
            194          2.2111e-04
            195          2.1920e-04
            196          2.1802e-04
            197          2.1633e-04
            198          2.1496e-04
            199          2.1379e-04
            200          2.1185e-04
            201          2.1018e-04
            202          2.0835e-04
            203          2.0685e-04
            204          2.0497e-04
            205          2.0342e-04
            206          2.0213e-04
            207          2.0044e-04
            208          1.9919e-04
            209          1.9871e-04
            210          1.9789e-04
            211          1.9622e-04
            212          1.9567e-04
            213          1.9455e-04
            214          1.9312e-04
            215          1.9144e-04
            216          1.9004e-04
            217          1.8881e-04
            218          1.8766e-04
            219          1.8689e-04
            220          1.8499e-04
            221          1.8433e-04
            222          1.8329e-04
            223          1.8277e-04
            224          1.8211e-04
            225          1.8142e-04
            226          1.7958e-04
            227          1.7790e-04
            228          1.7622e-04
            229          1.7516e-04
            230          1.7455e-04
            231          1.7346e-04
            232          1.7267e-04
            233          1.7160e-04
            234          1.7024e-04
            235          1.7028e-04
            236          1.6929e-04
            237          1.6766e-04
            238          1.6701e-04
            239          1.6628e-04
            240          1.6527e-04
            241          1.6434e-04
            242          1.6383e-04
            243          1.6176e-04
            244          1.6085e-04
            245          1.5994e-04
            246          1.5885e-04
            247          1.5740e-04
            248          1.5703e-04
            249          1.5596e-04
            250          1.5503e-04
            251          1.5433e-04
            252          1.5360e-04
            253          1.5334e-04
            254          1.5225e-04
            255          1.5123e-04
            256          1.5034e-04
            257          1.5012e-04
            258          1.4947e-04
            259          1.4811e-04
            260          1.4819e-04
            261          1.4741e-04
            262          1.4655e-04
            263          1.4546e-04
            264          1.4506e-04
            265          1.4457e-04
            266          1.4355e-04
            267          1.4374e-04
            268          1.4273e-04
            269          1.4215e-04
            270          1.4111e-04
            271          1.4034e-04
            272          1.3972e-04
            273          1.3869e-04
            274          1.3795e-04
            275          1.3836e-04
            276          1.3731e-04
            277          1.3654e-04
            278          1.3651e-04
            279          1.3529e-04
            280          1.3511e-04
            281          1.3431e-04
            282          1.3390e-04
            283          1.3309e-04
            284          1.3243e-04
            285          1.3119e-04
            286          1.3088e-04
            287          1.3070e-04
            288          1.3021e-04
            289          1.2946e-04
            290          1.2917e-04
            291          1.2807e-04
            292          1.2767e-04
            293          1.2734e-04
            294          1.2657e-04
            295          1.2603e-04
            296          1.2604e-04
            297          1.2510e-04
            298          1.2512e-04
            299          1.2502e-04
            300          1.2425e-04
            301          1.2335e-04
            302          1.2298e-04
            303          1.2265e-04
            304          1.2216e-04
            305          1.2154e-04
            306          1.2056e-04
            307          1.2033e-04
            308          1.2005e-04
            309          1.1937e-04
            310          1.1882e-04
            311          1.1860e-04
            312          1.1789e-04
            313          1.1736e-04
            314          1.1754e-04
            315          1.1624e-04
            316          1.1627e-04
            317          1.1606e-04
            318          1.1542e-04
            319          1.1474e-04
            320          1.1447e-04
            321          1.1422e-04
            322          1.1387e-04
            323          1.1320e-04
            324          1.1282e-04
            325          1.1265e-04
            326          1.1284e-04
            327          1.1171e-04
            328          1.1133e-04
            329          1.1096e-04
            330          1.1047e-04
            331          1.1010e-04
            332          1.1009e-04
            333          1.0947e-04
            334          1.0906e-04
            335          1.0883e-04
            336          1.0862e-04
            337          1.0828e-04
            338          1.0792e-04
            339          1.0758e-04
            340          1.0702e-04
            341          1.0638e-04
            342          1.0603e-04
            343          1.0599e-04
            344          1.0595e-04
            345          1.0525e-04
            346          1.0507e-04
            347          1.0498e-04
            348          1.0431e-04
            349          1.0425e-04
            350          1.0344e-04
            351          1.0326e-04
            352          1.0303e-04
            353          1.0242e-04
            354          1.0263e-04
            355          1.0222e-04
            356          1.0174e-04
            357          1.0140e-04
            358          1.0107e-04
            359          1.0071e-04
            360          1.0017e-04
            361          9.9705e-05
            362          9.8999e-05
            363          9.9125e-05
            364          9.8926e-05
            365          9.8898e-05
            366          9.8428e-05
            367          9.8269e-05
            368          9.7846e-05
            369          9.7113e-05
            370          9.6733e-05
            371          9.6729e-05
            372          9.6395e-05
            373          9.6148e-05
            374          9.5812e-05
            375          9.5589e-05
            376          9.5202e-05
            377          9.4836e-05
            378          9.4573e-05
            379          9.4129e-05
            380          9.3910e-05
            381          9.3806e-05
            382          9.3414e-05
            383          9.3329e-05
            384          9.3062e-05
            385          9.2562e-05
            386          9.2123e-05
            387          9.2187e-05
            388          9.1987e-05
            389          9.2139e-05
            390          9.1033e-05
            391          9.0558e-05
            392          9.0597e-05
            393          9.0230e-05
            394          8.9839e-05
            395          8.9442e-05
            396          8.9598e-05
            397          8.8951e-05
            398          8.8794e-05
            399          8.8342e-05
            400          8.8303e-05
            401          8.8170e-05
            402          8.8007e-05
            403          8.8132e-05
            404          8.7518e-05
            405          8.7394e-05
            406          8.6845e-05
            407          8.6948e-05
            408          8.6497e-05
            409          8.6386e-05
            410          8.5779e-05
            411          8.5826e-05
            412          8.5469e-05
            413          8.5181e-05
            414          8.4950e-05
            415          8.4875e-05
            416          8.4241e-05
            417          8.4158e-05
            418          8.4222e-05
            419          8.3530e-05
            420          8.3315e-05
            421          8.3169e-05
            422          8.3173e-05
            423          8.2833e-05
            424          8.2653e-05
            425          8.2458e-05
            426          8.2365e-05
            427          8.2445e-05
            428          8.1843e-05
            429          8.1679e-05
            430          8.1344e-05
            431          8.1081e-05
            432          8.1135e-05
            433          8.0652e-05
            434          8.0291e-05
            435          8.0338e-05
            436          7.9740e-05
            437          7.9783e-05
            438          7.9706e-05
            439          7.9213e-05
            440          7.9033e-05
            441          7.8994e-05
            442          7.9195e-05
            443          7.8607e-05
            444          7.8509e-05
            445          7.8496e-05
            446          7.7891e-05
            447          7.7772e-05
            448          7.7916e-05
            449          7.7669e-05
            450          7.7672e-05
            451          7.7308e-05
            452          7.6939e-05
            453          7.6560e-05
            454          7.6707e-05
            455          7.6314e-05
            456          7.5925e-05
            457          7.5953e-05
            458          7.5541e-05
            459          7.5514e-05
            460          7.4959e-05
            461          7.4807e-05
            462          7.4642e-05
            463          7.4775e-05
            464          7.4466e-05
            465          7.4735e-05
            466          7.4258e-05
            467          7.4064e-05
            468          7.3704e-05
            469          7.3373e-05
            470          7.3629e-05
            471          7.3191e-05
            472          7.2961e-05
            473          7.3002e-05
            474          7.2993e-05
            475          7.2491e-05
            476          7.2161e-05
            477          7.2552e-05
            478          7.2124e-05
            479          7.1622e-05
            480          7.1646e-05
            481          7.1517e-05
            482          7.1391e-05
            483          7.1167e-05
            484          7.1291e-05
            485          7.0890e-05
            486          7.0523e-05
            487          7.0423e-05
            488          7.0144e-05
            489          7.0058e-05
            490          7.0402e-05
            491          6.9848e-05
            492          6.9481e-05
            493          6.9436e-05
            494          6.9536e-05
            495          6.9314e-05
            496          6.8834e-05
            497          6.9086e-05
            498          6.8725e-05
            499          6.8995e-05
            500          6.8428e-05
            501          6.8585e-05
            502          6.8131e-05
            503          6.8306e-05
            504          6.8134e-05
            505          6.7947e-05
            506          6.7490e-05
            507          6.7911e-05
            508          6.7390e-05
            509          6.7303e-05
            510          6.7026e-05
            511          6.6581e-05
            512          6.6788e-05
            513          6.6698e-05
            514          6.6814e-05
            515          6.6497e-05
            516          6.5940e-05
            517          6.6055e-05
            518          6.5998e-05
            519          6.5842e-05
            520          6.5549e-05
            521          6.5574e-05
            522          6.5447e-05
            523          6.5588e-05
            524          6.5262e-05
            525          6.5264e-05
            526          6.5050e-05
            527          6.5123e-05
            528          6.4683e-05
            529          6.4665e-05
            530          6.4434e-05
            531          6.4261e-05
            532          6.3876e-05
            533          6.3984e-05
            534          6.3706e-05
            535          6.3719e-05
            536          6.3635e-05
            537          6.3366e-05
            538          6.3153e-05
            539          6.2821e-05
            540          6.2971e-05
            541          6.2681e-05
            542          6.2544e-05
            543          6.2327e-05
            544          6.2297e-05
            545          6.2196e-05
            546          6.2232e-05
            547          6.1776e-05
            548          6.1633e-05
            549          6.1737e-05
            550          6.1728e-05
            551          6.1415e-05
            552          6.1375e-05
            553          6.1247e-05
            554          6.1310e-05
            555          6.0959e-05
            556          6.0878e-05
            557          6.0626e-05
            558          6.0427e-05
            559          6.0580e-05
            560          6.0219e-05
            561          5.9888e-05
            562          5.9953e-05
            563          5.9996e-05
            564          5.9749e-05
            565          5.9568e-05
            566          5.9560e-05
            567          5.9794e-05
            568          5.9489e-05
            569          5.9288e-05
            570          5.9173e-05
            571          5.8588e-05
            572          5.8829e-05
            573          5.8735e-05
            574          5.8760e-05
            575          5.8638e-05
            576          5.8574e-05
            577          5.8709e-05
            578          5.8388e-05
            579          5.7989e-05
            580          5.8300e-05
            581          5.8012e-05
            582          5.7907e-05
            583          5.7598e-05
            584          5.7693e-05
            585          5.7618e-05
            586          5.7127e-05
            587          5.7215e-05
            588          5.7187e-05
            589          5.7002e-05
            590          5.7195e-05
            591          5.6900e-05
            592          5.6751e-05
            593          5.6978e-05
            594          5.6598e-05
            595          5.6487e-05
            596          5.6465e-05
            597          5.5942e-05
            598          5.6490e-05
            599          5.6382e-05
            600          5.5991e-05
            601          5.5754e-05
            602          5.5606e-05
            603          5.5712e-05
            604          5.5575e-05
            605          5.5418e-05
            606          5.5473e-05
            607          5.5348e-05
            608          5.5109e-05
            609          5.4764e-05
            610          5.4979e-05
            611          5.4676e-05
            612          5.4941e-05
            613          5.4663e-05
            614          5.4226e-05
            615          5.4400e-05
            616          5.4379e-05
            617          5.4261e-05
            618          5.4127e-05
            619          5.4192e-05
            620          5.3936e-05
            621          5.4161e-05
            622          5.3882e-05
            623          5.3512e-05
            624          5.3411e-05
            625          5.3474e-05
            626          5.3332e-05
            627          5.3357e-05
            628          5.3338e-05
            629          5.3409e-05
            630          5.3033e-05
            631          5.3239e-05
            632          5.2966e-05
            633          5.2874e-05
            634          5.2498e-05
            635          5.2705e-05
            636          5.2895e-05
            637          5.2480e-05
            638          5.2171e-05
            639          5.2179e-05
            640          5.2268e-05
            641          5.2344e-05
            642          5.1888e-05
            643          5.2238e-05
            644          5.1714e-05
            645          5.1847e-05
            646          5.1611e-05
            647          5.1776e-05
            648          5.1451e-05
            649          5.1392e-05
            650          5.1148e-05
            651          5.1373e-05
            652          5.1105e-05
            653          5.1014e-05
            654          5.0815e-05
            655          5.0685e-05
            656          5.0774e-05
            657          5.0647e-05
            658          5.0424e-05
            659          5.0589e-05
            660          5.0360e-05
            661          5.0165e-05
            662          5.0209e-05
            663          5.0310e-05
            664          5.0096e-05
            665          5.0387e-05
            666          4.9937e-05
            667          4.9747e-05
            668          4.9684e-05
            669          4.9677e-05
            670          4.9631e-05
            671          4.9396e-05
            672          4.9467e-05
            673          4.9029e-05
            674          4.9281e-05
            675          4.9199e-05
            676          4.9203e-05
            677          4.9023e-05
            678          4.9076e-05
            679          4.8838e-05
            680          4.8754e-05
            681          4.8862e-05
            682          4.8588e-05
            683          4.8646e-05
            684          4.8769e-05
            685          4.8443e-05
            686          4.8326e-05
            687          4.8398e-05
            688          4.8198e-05
            689          4.8397e-05
            690          4.7963e-05
            691          4.7970e-05
            692          4.7722e-05
            693          4.7723e-05
            694          4.7652e-05
            695          4.7670e-05
            696          4.7424e-05
            697          4.7956e-05
            698          4.7695e-05
            699          4.7573e-05
            700          4.7414e-05
            701          4.7213e-05
            702          4.6978e-05
            703          4.7068e-05
            704          4.7119e-05
            705          4.7066e-05
            706          4.7068e-05
            707          4.6887e-05
            708          4.6940e-05
            709          4.6673e-05
            710          4.6488e-05
            711          4.6603e-05
            712          4.6430e-05
            713          4.6489e-05
            714          4.6382e-05
            715          4.6357e-05
            716          4.6277e-05
            717          4.6446e-05
            718          4.6018e-05
            719          4.5832e-05
            720          4.5776e-05
            721          4.5844e-05
            722          4.5466e-05
            723          4.5854e-05
            724          4.5565e-05
            725          4.5436e-05
            726          4.5273e-05
            727          4.5356e-05
            728          4.5192e-05
            729          4.5405e-05
            730          4.4827e-05
            731          4.5337e-05
            732          4.5235e-05
            733          4.5138e-05
            734          4.4698e-05
            735          4.4728e-05
            736          4.4832e-05
            737          4.4597e-05
            738          4.4575e-05
            739          4.4476e-05
            740          4.4473e-05
            741          4.4407e-05
            742          4.4253e-05
            743          4.4075e-05
            744          4.4259e-05
            745          4.4135e-05
            746          4.4145e-05
            747          4.3969e-05
            748          4.4095e-05
            749          4.4006e-05
            750          4.3860e-05
            751          4.3658e-05
            752          4.3933e-05
            753          4.3568e-05
            754          4.3727e-05
            755          4.3608e-05
            756          4.3654e-05
            757          4.3369e-05
            758          4.3367e-05
            759          4.3576e-05
            760          4.3128e-05
            761          4.2759e-05
            762          4.3149e-05
            763          4.3046e-05
            764          4.3238e-05
            765          4.2951e-05
            766          4.2781e-05
            767          4.2837e-05
            768          4.2734e-05
            769          4.2867e-05
            770          4.2679e-05
            771          4.2396e-05
            772          4.2324e-05
            773          4.2505e-05
            774          4.2532e-05
            775          4.2458e-05
            776          4.2384e-05
            777          4.2223e-05
            778          4.2213e-05
            779          4.2229e-05
            780          4.1995e-05
            781          4.2086e-05
            782          4.1893e-05
            783          4.1903e-05
            784          4.1839e-05
            785          4.1862e-05
            786          4.1734e-05
            787          4.1668e-05
            788          4.1772e-05
            789          4.1462e-05
            790          4.1303e-05
            791          4.1386e-05
            792          4.1382e-05
            793          4.1294e-05
            794          4.1192e-05
            795          4.1370e-05
            796          4.1409e-05
            797          4.0979e-05
            798          4.1092e-05
            799          4.1012e-05
            800          4.1076e-05
            801          4.0892e-05
            802          4.0797e-05
            803          4.0780e-05
            804          4.0773e-05
            805          4.0679e-05
            806          4.0765e-05
            807          4.0428e-05
            808          4.0459e-05
            809          4.0304e-05
            810          4.0434e-05
            811          4.0373e-05
            812          4.0276e-05
            813          3.9958e-05
            814          4.0099e-05
            815          4.0155e-05
            816          4.0084e-05
            817          4.0070e-05
            818          4.0186e-05
            819          3.9885e-05
            820          3.9703e-05
            821          3.9892e-05
            822          3.9650e-05
            823          3.9708e-05
            824          3.9610e-05
            825          3.9764e-05
            826          3.9398e-05
            827          3.9517e-05
            828          3.9469e-05
            829          3.9310e-05
            830          3.9155e-05
            831          3.9320e-05
            832          3.9279e-05
            833          3.9280e-05
            834          3.9047e-05
            835          3.9081e-05
            836          3.8952e-05
            837          3.8812e-05
            838          3.9206e-05
            839          3.9037e-05
            840          3.8888e-05
            841          3.8762e-05
            842          3.8790e-05
            843          3.8844e-05
            844          3.8686e-05
            845          3.8702e-05
            846          3.8639e-05
            847          3.8586e-05
            848          3.8281e-05
            849          3.8271e-05
            850          3.8404e-05
            851          3.8214e-05
            852          3.8304e-05
            853          3.8299e-05
            854          3.8156e-05
            855          3.8069e-05
            856          3.7978e-05
            857          3.7979e-05
            858          3.7911e-05
            859          3.8296e-05
            860          3.7880e-05
            861          3.8045e-05
            862          3.7691e-05
            863          3.7670e-05
            864          3.7625e-05
            865          3.7619e-05
            866          3.7524e-05
            867          3.7529e-05
            868          3.7418e-05
            869          3.7522e-05
            870          3.7636e-05
            871          3.7159e-05
            872          3.7358e-05
            873          3.7149e-05
            874          3.7053e-05
            875          3.7287e-05
            876          3.7124e-05
            877          3.6913e-05
            878          3.6981e-05
            879          3.6840e-05
            880          3.6763e-05
            881          3.6761e-05
            882          3.6724e-05
            883          3.6933e-05
            884          3.6816e-05
            885          3.6744e-05
            886          3.6820e-05
            887          3.6646e-05
            888          3.6344e-05
            889          3.6431e-05
            890          3.6481e-05
            891          3.6542e-05
            892          3.6273e-05
            893          3.6532e-05
            894          3.6273e-05
            895          3.6265e-05
            896          3.6068e-05
            897          3.5987e-05
            898          3.6265e-05
            899          3.5934e-05
            900          3.5871e-05
            901          3.5997e-05
            902          3.5790e-05
            903          3.5817e-05
            904          3.5629e-05
            905          3.5593e-05
            906          3.5618e-05
            907          3.5625e-05
            908          3.5546e-05
            909          3.5537e-05
            910          3.5518e-05
            911          3.5300e-05
            912          3.5536e-05
            913          3.5212e-05
            914          3.5207e-05
            915          3.5306e-05
            916          3.5177e-05
            917          3.5037e-05
            918          3.5417e-05
            919          3.5165e-05
            920          3.5157e-05
            921          3.5123e-05
            922          3.5055e-05
            923          3.4906e-05
            924          3.5033e-05
            925          3.5102e-05
            926          3.4860e-05
            927          3.4835e-05
            928          3.4741e-05
            929          3.4576e-05
            930          3.4648e-05
            931          3.4720e-05
            932          3.4551e-05
            933          3.4538e-05
            934          3.4238e-05
            935          3.4410e-05
            936          3.4429e-05
            937          3.4401e-05
            938          3.4534e-05
            939          3.4326e-05
            940          3.4338e-05
            941          3.4347e-05
            942          3.4256e-05
            943          3.4216e-05
            944          3.4178e-05
            945          3.4063e-05
            946          3.4070e-05
            947          3.4243e-05
            948          3.4147e-05
            949          3.4183e-05
            950          3.4066e-05
            951          3.3616e-05
            952          3.3887e-05
            953          3.3669e-05
            954          3.3881e-05
            955          3.3623e-05
            956          3.3769e-05
            957          3.3682e-05
            958          3.3809e-05
            959          3.3575e-05
            960          3.3641e-05
            961          3.3551e-05
            962          3.3391e-05
            963          3.3459e-05
            964          3.3353e-05
            965          3.3251e-05
            966          3.3398e-05
            967          3.3264e-05
            968          3.3376e-05
            969          3.3065e-05
            970          3.3202e-05
            971          3.3053e-05
            972          3.2943e-05
            973          3.3016e-05
            974          3.2898e-05
            975          3.2938e-05
            976          3.2892e-05
            977          3.2781e-05
            978          3.2926e-05
            979          3.2537e-05
            980          3.2808e-05
            981          3.2627e-05
            982          3.2593e-05
            983          3.2476e-05
            984          3.2669e-05
            985          3.2678e-05
            986          3.2426e-05
            987          3.2601e-05
            988          3.2292e-05
            989          3.2678e-05
            990          3.2476e-05
            991          3.2421e-05
            992          3.2346e-05
            993          3.2185e-05
            994          3.2114e-05
            995          3.2176e-05
            996          3.2143e-05
            997          3.2143e-05
            998          3.2011e-05
            999          3.1949e-05
           1000          3.2046e-05
