              0          1.0000e+00
              1          9.8741e-02
              2          5.8888e-02
              3          4.1547e-02
              4          3.1175e-02
              5          2.4341e-02
              6          1.9716e-02
              7          1.5912e-02
              8          1.3406e-02
              9          1.1411e-02
             10          9.9139e-03
             11          8.6592e-03
             12          7.6596e-03
             13          6.8459e-03
             14          6.1676e-03
             15          5.5933e-03
             16          5.1313e-03
             17          4.7374e-03
             18          4.4100e-03
             19          4.0554e-03
             20          3.7833e-03
             21          3.5385e-03
             22          3.3373e-03
             23          3.1653e-03
             24          3.0158e-03
             25          2.8849e-03
             26          2.7402e-03
             27          2.6271e-03
             28          2.5183e-03
             29          2.4140e-03
             30          2.3100e-03
             31          2.2221e-03
             32          2.1308e-03
             33          2.0503e-03
             34          1.9797e-03
             35          1.9086e-03
             36          1.8527e-03
             37          1.7878e-03
             38          1.7361e-03
             39          1.6884e-03
             40          1.6416e-03
             41          1.5862e-03
             42          1.5426e-03
             43          1.4972e-03
             44          1.4489e-03
             45          1.4079e-03
             46          1.3724e-03
             47          1.3373e-03
             48          1.3049e-03
             49          1.2705e-03
             50          1.2328e-03
             51          1.1984e-03
             52          1.1724e-03
             53          1.1480e-03
             54          1.1259e-03
             55          1.1023e-03
             56          1.0805e-03
             57          1.0579e-03
             58          1.0316e-03
             59          1.0078e-03
             60          9.8414e-04
             61          9.6550e-04
             62          9.4469e-04
             63          9.2789e-04
             64          9.0888e-04
             65          8.9439e-04
             66          8.7810e-04
             67          8.6485e-04
             68          8.5098e-04
             69          8.3368e-04
             70          8.1677e-04
             71          8.0464e-04
             72          7.9122e-04
             73          7.7810e-04
             74          7.6332e-04
             75          7.4936e-04
             76          7.3514e-04
             77          7.2639e-04
             78          7.1244e-04
             79          7.0182e-04
             80          6.9101e-04
             81          6.8165e-04
             82          6.6924e-04
             83          6.5921e-04
             84          6.4715e-04
             85          6.3733e-04
             86          6.2785e-04
             87          6.2013e-04
             88          6.0946e-04
             89          6.0098e-04
             90          5.9155e-04
             91          5.8565e-04
             92          5.7759e-04
             93          5.7002e-04
             94          5.6136e-04
             95          5.5676e-04
             96          5.4956e-04
             97          5.4102e-04
             98          5.3216e-04
             99          5.2428e-04
            100          5.1755e-04
            101          5.0990e-04
            102          5.0277e-04
            103          4.9865e-04
            104          4.9011e-04
            105          4.8181e-04
            106          4.7508e-04
            107          4.6923e-04
            108          4.6518e-04
            109          4.6182e-04
            110          4.5708e-04
            111          4.4972e-04
            112          4.4255e-04
            113          4.3625e-04
            114          4.3023e-04
            115          4.2605e-04
            116          4.2299e-04
            117          4.1690e-04
            118          4.1333e-04
            119          4.0806e-04
            120          4.0340e-04
            121          3.9825e-04
            122          3.9609e-04
            123          3.9204e-04
            124          3.8915e-04
            125          3.8382e-04
            126          3.7980e-04
            127          3.7592e-04
            128          3.7110e-04
            129          3.6764e-04
            130          3.6497e-04
            131          3.6032e-04
            132          3.5758e-04
            133          3.5328e-04
            134          3.5006e-04
            135          3.4515e-04
            136          3.4113e-04
            137          3.3841e-04
            138          3.3603e-04
            139          3.3190e-04
            140          3.2948e-04
            141          3.2607e-04
            142          3.2442e-04
            143          3.2169e-04
            144          3.1854e-04
            145          3.1668e-04
            146          3.1386e-04
            147          3.1067e-04
            148          3.0816e-04
            149          3.0762e-04
            150          3.0514e-04
            151          3.0156e-04
            152          2.9769e-04
            153          2.9481e-04
            154          2.9343e-04
            155          2.9115e-04
            156          2.8785e-04
            157          2.8435e-04
            158          2.8220e-04
            159          2.8051e-04
            160          2.7731e-04
            161          2.7686e-04
            162          2.7402e-04
            163          2.7275e-04
            164          2.7027e-04
            165          2.6842e-04
            166          2.6574e-04
            167          2.6413e-04
            168          2.6325e-04
            169          2.6031e-04
            170          2.5883e-04
            171          2.5511e-04
            172          2.5314e-04
            173          2.5150e-04
            174          2.4984e-04
            175          2.4761e-04
            176          2.4629e-04
            177          2.4445e-04
            178          2.4319e-04
            179          2.4134e-04
            180          2.4024e-04
            181          2.3896e-04
            182          2.3685e-04
            183          2.3618e-04
            184          2.3445e-04
            185          2.3310e-04
            186          2.3071e-04
            187          2.2866e-04
            188          2.2644e-04
            189          2.2443e-04
            190          2.2347e-04
            191          2.2077e-04
            192          2.2023e-04
            193          2.1793e-04
            194          2.1610e-04
            195          2.1486e-04
            196          2.1306e-04
            197          2.1147e-04
            198          2.0824e-04
            199          2.0777e-04
            200          2.0576e-04
            201          2.0397e-04
            202          2.0303e-04
            203          2.0296e-04
            204          2.0221e-04
            205          2.0161e-04
            206          2.0025e-04
            207          1.9929e-04
            208          1.9690e-04
            209          1.9601e-04
            210          1.9404e-04
            211          1.9240e-04
            212          1.9234e-04
            213          1.9118e-04
            214          1.8995e-04
            215          1.8838e-04
            216          1.8760e-04
            217          1.8679e-04
            218          1.8666e-04
            219          1.8513e-04
            220          1.8423e-04
            221          1.8258e-04
            222          1.8175e-04
            223          1.8035e-04
            224          1.7910e-04
            225          1.7824e-04
            226          1.7706e-04
            227          1.7616e-04
            228          1.7561e-04
            229          1.7515e-04
            230          1.7419e-04
            231          1.7273e-04
            232          1.7205e-04
            233          1.6997e-04
            234          1.6981e-04
            235          1.6873e-04
            236          1.6777e-04
            237          1.6615e-04
            238          1.6535e-04
            239          1.6448e-04
            240          1.6291e-04
            241          1.6224e-04
            242          1.6091e-04
            243          1.6050e-04
            244          1.5930e-04
            245          1.5821e-04
            246          1.5742e-04
            247          1.5682e-04
            248          1.5576e-04
            249          1.5523e-04
            250          1.5473e-04
            251          1.5405e-04
            252          1.5291e-04
            253          1.5282e-04
            254          1.5167e-04
            255          1.5011e-04
            256          1.4936e-04
            257          1.4871e-04
            258          1.4802e-04
            259          1.4628e-04
            260          1.4611e-04
            261          1.4532e-04
            262          1.4495e-04
            263          1.4437e-04
            264          1.4325e-04
            265          1.4276e-04
            266          1.4255e-04
            267          1.4123e-04
            268          1.4140e-04
            269          1.4077e-04
            270          1.4008e-04
            271          1.3880e-04
            272          1.3807e-04
            273          1.3755e-04
            274          1.3734e-04
            275          1.3693e-04
            276          1.3593e-04
            277          1.3495e-04
            278          1.3464e-04
            279          1.3370e-04
            280          1.3325e-04
            281          1.3277e-04
            282          1.3231e-04
            283          1.3171e-04
            284          1.3149e-04
            285          1.3109e-04
            286          1.3008e-04
            287          1.2917e-04
            288          1.2844e-04
            289          1.2784e-04
            290          1.2737e-04
            291          1.2699e-04
            292          1.2653e-04
            293          1.2611e-04
            294          1.2546e-04
            295          1.2537e-04
            296          1.2472e-04
            297          1.2408e-04
            298          1.2347e-04
            299          1.2337e-04
            300          1.2290e-04
            301          1.2253e-04
            302          1.2193e-04
            303          1.2111e-04
            304          1.2090e-04
            305          1.2127e-04
            306          1.1977e-04
            307          1.1941e-04
            308          1.1867e-04
            309          1.1841e-04
            310          1.1773e-04
            311          1.1727e-04
            312          1.1675e-04
            313          1.1659e-04
            314          1.1594e-04
            315          1.1533e-04
            316          1.1500e-04
            317          1.1483e-04
            318          1.1454e-04
            319          1.1326e-04
            320          1.1311e-04
            321          1.1265e-04
            322          1.1235e-04
            323          1.1174e-04
            324          1.1150e-04
            325          1.1110e-04
            326          1.1074e-04
            327          1.0978e-04
            328          1.0944e-04
            329          1.0899e-04
            330          1.0910e-04
            331          1.0892e-04
            332          1.0856e-04
            333          1.0827e-04
            334          1.0789e-04
            335          1.0760e-04
            336          1.0710e-04
            337          1.0611e-04
            338          1.0626e-04
            339          1.0570e-04
            340          1.0513e-04
            341          1.0476e-04
            342          1.0420e-04
            343          1.0463e-04
            344          1.0426e-04
            345          1.0403e-04
            346          1.0361e-04
            347          1.0294e-04
            348          1.0255e-04
            349          1.0279e-04
            350          1.0203e-04
            351          1.0215e-04
            352          1.0152e-04
            353          1.0174e-04
            354          1.0114e-04
            355          1.0095e-04
            356          1.0065e-04
            357          9.9813e-05
            358          9.9957e-05
            359          9.9218e-05
            360          9.9002e-05
            361          9.8647e-05
            362          9.8045e-05
            363          9.7638e-05
            364          9.7340e-05
            365          9.6903e-05
            366          9.6517e-05
            367          9.6097e-05
            368          9.6007e-05
            369          9.5639e-05
            370          9.5369e-05
            371          9.5012e-05
            372          9.4852e-05
            373          9.4506e-05
            374          9.4474e-05
            375          9.4330e-05
            376          9.3846e-05
            377          9.3586e-05
            378          9.3341e-05
            379          9.2821e-05
            380          9.2562e-05
            381          9.2338e-05
            382          9.1614e-05
            383          9.1721e-05
            384          9.1246e-05
            385          9.0907e-05
            386          9.0883e-05
            387          9.0308e-05
            388          8.9832e-05
            389          8.9576e-05
            390          8.9749e-05
            391          9.0227e-05
            392          8.9733e-05
            393          8.9332e-05
            394          8.8696e-05
            395          8.8398e-05
            396          8.8431e-05
            397          8.8305e-05
            398          8.8114e-05
            399          8.7762e-05
            400          8.7604e-05
            401          8.6866e-05
            402          8.6602e-05
            403          8.6433e-05
            404          8.6089e-05
            405          8.6293e-05
            406          8.5962e-05
            407          8.5558e-05
            408          8.5513e-05
            409          8.4981e-05
            410          8.4723e-05
            411          8.4215e-05
            412          8.4280e-05
            413          8.3959e-05
            414          8.3971e-05
            415          8.3750e-05
            416          8.3609e-05
            417          8.3218e-05
            418          8.2755e-05
            419          8.2434e-05
            420          8.2456e-05
            421          8.2246e-05
            422          8.2191e-05
            423          8.1972e-05
            424          8.2154e-05
            425          8.1673e-05
            426          8.1318e-05
            427          8.1286e-05
            428          8.1141e-05
            429          8.0606e-05
            430          8.0480e-05
            431          8.0810e-05
            432          8.0006e-05
            433          8.0107e-05
            434          7.9367e-05
            435          7.9480e-05
            436          7.9642e-05
            437          7.9212e-05
            438          7.8394e-05
            439          7.8922e-05
            440          7.8716e-05
            441          7.8668e-05
            442          7.7889e-05
            443          7.7864e-05
            444          7.8072e-05
            445          7.7708e-05
            446          7.7363e-05
            447          7.7378e-05
            448          7.6885e-05
            449          7.6782e-05
            450          7.6762e-05
            451          7.6856e-05
            452          7.6568e-05
            453          7.5689e-05
            454          7.5942e-05
            455          7.5791e-05
            456          7.5725e-05
            457          7.5035e-05
            458          7.5299e-05
            459          7.5173e-05
            460          7.4926e-05
            461          7.4357e-05
            462          7.4562e-05
            463          7.4567e-05
            464          7.4075e-05
            465          7.3917e-05
            466          7.3665e-05
            467          7.3644e-05
            468          7.3223e-05
            469          7.3244e-05
            470          7.3132e-05
            471          7.2945e-05
            472          7.2390e-05
            473          7.2747e-05
            474          7.2307e-05
            475          7.2264e-05
            476          7.1854e-05
            477          7.2214e-05
            478          7.1534e-05
            479          7.1587e-05
            480          7.1330e-05
            481          7.1151e-05
            482          7.1184e-05
            483          7.0938e-05
            484          7.0823e-05
            485          7.0366e-05
            486          7.0409e-05
            487          7.0223e-05
            488          6.9780e-05
            489          6.9833e-05
            490          6.9627e-05
            491          6.9628e-05
            492          6.9499e-05
            493          6.9285e-05
            494          6.9484e-05
            495          6.9058e-05
            496          6.8887e-05
            497          6.8475e-05
            498          6.8530e-05
            499          6.8181e-05
            500          6.7980e-05
            501          6.7803e-05
            502          6.7507e-05
            503          6.7773e-05
            504          6.7428e-05
            505          6.7620e-05
            506          6.7184e-05
            507          6.7271e-05
            508          6.7516e-05
            509          6.6756e-05
            510          6.6667e-05
            511          6.6693e-05
            512          6.6635e-05
            513          6.6382e-05
            514          6.6036e-05
            515          6.6068e-05
            516          6.5622e-05
            517          6.5484e-05
            518          6.5706e-05
            519          6.5084e-05
            520          6.4847e-05
            521          6.5284e-05
            522          6.4734e-05
            523          6.4635e-05
            524          6.4611e-05
            525          6.4445e-05
            526          6.4302e-05
            527          6.4126e-05
            528          6.4205e-05
            529          6.3960e-05
            530          6.3987e-05
            531          6.3547e-05
            532          6.3562e-05
            533          6.3592e-05
            534          6.3232e-05
            535          6.3210e-05
            536          6.2913e-05
            537          6.2920e-05
            538          6.2730e-05
            539          6.2879e-05
            540          6.2277e-05
            541          6.3030e-05
            542          6.2359e-05
            543          6.2400e-05
            544          6.2116e-05
            545          6.2063e-05
            546          6.1744e-05
            547          6.1833e-05
            548          6.1767e-05
            549          6.2060e-05
            550          6.1779e-05
            551          6.1625e-05
            552          6.1417e-05
            553          6.1449e-05
            554          6.1166e-05
            555          6.0737e-05
            556          6.0542e-05
            557          6.0439e-05
            558          6.0236e-05
            559          6.0276e-05
            560          6.0386e-05
            561          5.9913e-05
            562          5.9984e-05
            563          6.0008e-05
            564          5.9635e-05
            565          5.9710e-05
            566          5.9717e-05
            567          5.9610e-05
            568          5.9266e-05
            569          5.8932e-05
            570          5.8870e-05
            571          5.8876e-05
            572          5.8713e-05
            573          5.8592e-05
            574          5.8633e-05
            575          5.8414e-05
            576          5.8272e-05
            577          5.8358e-05
            578          5.8179e-05
            579          5.8004e-05
            580          5.8013e-05
            581          5.7952e-05
            582          5.7986e-05
            583          5.7697e-05
            584          5.7610e-05
            585          5.7260e-05
            586          5.7360e-05
            587          5.7004e-05
            588          5.6968e-05
            589          5.7042e-05
            590          5.6879e-05
            591          5.6822e-05
            592          5.6890e-05
            593          5.6552e-05
            594          5.6715e-05
            595          5.6427e-05
            596          5.6569e-05
            597          5.6365e-05
            598          5.6358e-05
            599          5.5881e-05
            600          5.5912e-05
            601          5.5687e-05
            602          5.5774e-05
            603          5.5432e-05
            604          5.5604e-05
            605          5.5397e-05
            606          5.5205e-05
            607          5.5166e-05
            608          5.5073e-05
            609          5.4893e-05
            610          5.4980e-05
            611          5.4948e-05
            612          5.4361e-05
            613          5.4556e-05
            614          5.4470e-05
            615          5.4355e-05
            616          5.4194e-05
            617          5.4359e-05
            618          5.4153e-05
            619          5.4192e-05
            620          5.3924e-05
            621          5.3672e-05
            622          5.3863e-05
            623          5.3286e-05
            624          5.3459e-05
            625          5.3352e-05
            626          5.3447e-05
            627          5.3315e-05
            628          5.3115e-05
            629          5.3280e-05
            630          5.3170e-05
            631          5.2953e-05
            632          5.3013e-05
            633          5.2640e-05
            634          5.2450e-05
            635          5.2497e-05
            636          5.2534e-05
            637          5.2369e-05
            638          5.2314e-05
            639          5.2583e-05
            640          5.2337e-05
            641          5.2231e-05
            642          5.2370e-05
            643          5.2078e-05
            644          5.1822e-05
            645          5.1780e-05
            646          5.1732e-05
            647          5.1698e-05
            648          5.1427e-05
            649          5.1551e-05
            650          5.1379e-05
            651          5.1277e-05
            652          5.1101e-05
            653          5.1208e-05
            654          5.1305e-05
            655          5.0912e-05
            656          5.0905e-05
            657          5.0488e-05
            658          5.0722e-05
            659          5.0876e-05
            660          5.0795e-05
            661          5.0527e-05
            662          5.0360e-05
            663          5.0260e-05
            664          5.0283e-05
            665          4.9981e-05
            666          4.9784e-05
            667          4.9797e-05
            668          4.9735e-05
            669          4.9635e-05
            670          4.9712e-05
            671          4.9610e-05
            672          4.9577e-05
            673          4.9400e-05
            674          4.9263e-05
            675          4.9356e-05
            676          4.9207e-05
            677          4.8952e-05
            678          4.9313e-05
            679          4.9051e-05
            680          4.8945e-05
            681          4.8714e-05
            682          4.8514e-05
            683          4.8745e-05
            684          4.8704e-05
            685          4.8722e-05
            686          4.8714e-05
            687          4.8818e-05
            688          4.8607e-05
            689          4.8065e-05
            690          4.8123e-05
            691          4.8068e-05
            692          4.8235e-05
            693          4.7635e-05
            694          4.7757e-05
            695          4.7747e-05
            696          4.7737e-05
            697          4.7667e-05
            698          4.7516e-05
            699          4.7526e-05
            700          4.7445e-05
            701          4.7300e-05
            702          4.7386e-05
            703          4.6963e-05
            704          4.7113e-05
            705          4.7084e-05
            706          4.7065e-05
            707          4.6864e-05
            708          4.6952e-05
            709          4.6735e-05
            710          4.6604e-05
            711          4.6790e-05
            712          4.6447e-05
            713          4.6448e-05
            714          4.6322e-05
            715          4.6527e-05
            716          4.6265e-05
            717          4.6116e-05
            718          4.6139e-05
            719          4.5766e-05
            720          4.6092e-05
            721          4.6031e-05
            722          4.5754e-05
            723          4.5469e-05
            724          4.5603e-05
            725          4.5700e-05
            726          4.5406e-05
            727          4.5679e-05
            728          4.5447e-05
            729          4.5448e-05
            730          4.5348e-05
            731          4.5467e-05
            732          4.5396e-05
            733          4.5173e-05
            734          4.5139e-05
            735          4.4911e-05
            736          4.4961e-05
            737          4.4701e-05
            738          4.4666e-05
            739          4.4496e-05
            740          4.4402e-05
            741          4.4639e-05
            742          4.4227e-05
            743          4.4657e-05
            744          4.4389e-05
            745          4.4163e-05
            746          4.4317e-05
            747          4.4331e-05
            748          4.4091e-05
            749          4.4014e-05
            750          4.4381e-05
            751          4.3831e-05
            752          4.3834e-05
            753          4.3709e-05
            754          4.3587e-05
            755          4.3466e-05
            756          4.3871e-05
            757          4.3697e-05
            758          4.3374e-05
            759          4.3512e-05
            760          4.3452e-05
            761          4.3263e-05
            762          4.3280e-05
            763          4.3246e-05
            764          4.3135e-05
            765          4.2966e-05
            766          4.3027e-05
            767          4.2833e-05
            768          4.2983e-05
            769          4.2637e-05
            770          4.2731e-05
            771          4.2800e-05
            772          4.2573e-05
            773          4.2591e-05
            774          4.2465e-05
            775          4.2547e-05
            776          4.2572e-05
            777          4.2376e-05
            778          4.2259e-05
            779          4.2254e-05
            780          4.2310e-05
            781          4.1998e-05
            782          4.1909e-05
            783          4.2226e-05
            784          4.1910e-05
            785          4.2003e-05
            786          4.1822e-05
            787          4.1445e-05
            788          4.1545e-05
            789          4.1641e-05
            790          4.1877e-05
            791          4.1520e-05
            792          4.1418e-05
            793          4.1187e-05
            794          4.1421e-05
            795          4.1542e-05
            796          4.1399e-05
            797          4.1193e-05
            798          4.1094e-05
            799          4.1133e-05
            800          4.1073e-05
            801          4.1039e-05
            802          4.0999e-05
            803          4.0674e-05
            804          4.0754e-05
            805          4.0637e-05
            806          4.0785e-05
            807          4.0842e-05
            808          4.0621e-05
            809          4.0507e-05
            810          4.0376e-05
            811          4.0266e-05
            812          4.0285e-05
            813          4.0270e-05
            814          4.0365e-05
            815          4.0217e-05
            816          4.0065e-05
            817          4.0190e-05
            818          4.0203e-05
            819          3.9984e-05
            820          3.9921e-05
            821          3.9917e-05
            822          3.9685e-05
            823          3.9912e-05
            824          3.9677e-05
            825          3.9624e-05
            826          3.9660e-05
            827          3.9359e-05
            828          3.9565e-05
            829          3.9433e-05
            830          3.9319e-05
            831          3.9230e-05
            832          3.9274e-05
            833          3.9261e-05
            834          3.9176e-05
            835          3.9217e-05
            836          3.9127e-05
            837          3.8918e-05
            838          3.8912e-05
            839          3.8870e-05
            840          3.8788e-05
            841          3.8787e-05
            842          3.8889e-05
            843          3.8484e-05
            844          3.8719e-05
            845          3.8567e-05
            846          3.8690e-05
            847          3.8454e-05
            848          3.8406e-05
            849          3.8414e-05
            850          3.8699e-05
            851          3.8426e-05
            852          3.8133e-05
            853          3.8114e-05
            854          3.8193e-05
            855          3.8044e-05
            856          3.8048e-05
            857          3.8127e-05
            858          3.8049e-05
            859          3.8012e-05
            860          3.7977e-05
            861          3.7962e-05
            862          3.7970e-05
            863          3.7943e-05
            864          3.7712e-05
            865          3.7628e-05
            866          3.7615e-05
            867          3.7552e-05
            868          3.7689e-05
            869          3.7334e-05
            870          3.7436e-05
            871          3.7350e-05
            872          3.7412e-05
            873          3.7479e-05
            874          3.7311e-05
            875          3.7279e-05
            876          3.7091e-05
            877          3.7176e-05
            878          3.7012e-05
            879          3.7100e-05
            880          3.6952e-05
            881          3.6977e-05
            882          3.6872e-05
            883          3.6953e-05
            884          3.6854e-05
            885          3.6656e-05
            886          3.6893e-05
            887          3.6756e-05
            888          3.6692e-05
            889          3.6494e-05
            890          3.6509e-05
            891          3.6592e-05
            892          3.6362e-05
            893          3.6582e-05
            894          3.6447e-05
            895          3.6330e-05
            896          3.6204e-05
            897          3.6215e-05
            898          3.6216e-05
            899          3.6192e-05
            900          3.6157e-05
            901          3.6020e-05
            902          3.5758e-05
            903          3.5993e-05
            904          3.5943e-05
            905          3.5949e-05
            906          3.5742e-05
            907          3.5476e-05
            908          3.5815e-05
            909          3.5704e-05
            910          3.5566e-05
            911          3.5502e-05
            912          3.5356e-05
            913          3.5449e-05
            914          3.5649e-05
            915          3.5487e-05
            916          3.5506e-05
            917          3.5249e-05
            918          3.5110e-05
            919          3.5301e-05
            920          3.5163e-05
            921          3.5176e-05
            922          3.5034e-05
            923          3.5326e-05
            924          3.5067e-05
            925          3.4952e-05
            926          3.4864e-05
            927          3.4891e-05
            928          3.4948e-05
            929          3.5069e-05
            930          3.4758e-05
            931          3.4870e-05
            932          3.4671e-05
            933          3.4803e-05
            934          3.4488e-05
            935          3.4470e-05
            936          3.4605e-05
            937          3.4567e-05
            938          3.4368e-05
            939          3.4380e-05
            940          3.4266e-05
            941          3.4264e-05
            942          3.4067e-05
            943          3.3967e-05
            944          3.4229e-05
            945          3.4178e-05
            946          3.4037e-05
            947          3.4063e-05
            948          3.4003e-05
            949          3.4112e-05
            950          3.3858e-05
            951          3.3959e-05
            952          3.3894e-05
            953          3.3688e-05
            954          3.3869e-05
            955          3.3704e-05
            956          3.3916e-05
            957          3.3748e-05
            958          3.3582e-05
            959          3.3456e-05
            960          3.3639e-05
            961          3.3408e-05
            962          3.3311e-05
            963          3.3494e-05
            964          3.3417e-05
            965          3.3414e-05
            966          3.3151e-05
            967          3.3465e-05
            968          3.3247e-05
            969          3.3271e-05
            970          3.3247e-05
            971          3.3089e-05
            972          3.3121e-05
            973          3.3429e-05
            974          3.3140e-05
            975          3.3017e-05
            976          3.2902e-05
            977          3.2787e-05
            978          3.2778e-05
            979          3.2923e-05
            980          3.2865e-05
            981          3.2643e-05
            982          3.2631e-05
            983          3.2650e-05
            984          3.2893e-05
            985          3.2531e-05
            986          3.2690e-05
            987          3.2540e-05
            988          3.2507e-05
            989          3.2752e-05
            990          3.2328e-05
            991          3.2368e-05
            992          3.2337e-05
            993          3.2405e-05
            994          3.2250e-05
            995          3.2184e-05
            996          3.2417e-05
            997          3.2294e-05
            998          3.2200e-05
            999          3.2206e-05
           1000          3.1943e-05
