              0          1.0000e+00
              1          9.8360e-02
              2          5.8665e-02
              3          4.1654e-02
              4          3.1071e-02
              5          2.4422e-02
              6          1.9648e-02
              7          1.6286e-02
              8          1.3657e-02
              9          1.1642e-02
             10          1.0115e-02
             11          8.7696e-03
             12          7.6988e-03
             13          6.8807e-03
             14          6.2285e-03
             15          5.6895e-03
             16          5.2063e-03
             17          4.8065e-03
             18          4.4546e-03
             19          4.1184e-03
             20          3.8446e-03
             21          3.6166e-03
             22          3.4072e-03
             23          3.2328e-03
             24          3.0643e-03
             25          2.9146e-03
             26          2.7773e-03
             27          2.6549e-03
             28          2.5368e-03
             29          2.4260e-03
             30          2.3386e-03
             31          2.2511e-03
             32          2.1722e-03
             33          2.0772e-03
             34          1.9955e-03
             35          1.9253e-03
             36          1.8593e-03
             37          1.7958e-03
             38          1.7443e-03
             39          1.6883e-03
             40          1.6299e-03
             41          1.5844e-03
             42          1.5465e-03
             43          1.5076e-03
             44          1.4660e-03
             45          1.4309e-03
             46          1.3920e-03
             47          1.3552e-03
             48          1.3224e-03
             49          1.2916e-03
             50          1.2582e-03
             51          1.2277e-03
             52          1.1933e-03
             53          1.1580e-03
             54          1.1308e-03
             55          1.1089e-03
             56          1.0818e-03
             57          1.0598e-03
             58          1.0383e-03
             59          1.0203e-03
             60          9.9989e-04
             61          9.8262e-04
             62          9.6331e-04
             63          9.4468e-04
             64          9.2552e-04
             65          9.0773e-04
             66          8.9067e-04
             67          8.7486e-04
             68          8.5710e-04
             69          8.4205e-04
             70          8.2790e-04
             71          8.1734e-04
             72          8.0289e-04
             73          7.8724e-04
             74          7.7138e-04
             75          7.5968e-04
             76          7.4626e-04
             77          7.3331e-04
             78          7.2426e-04
             79          7.0999e-04
             80          6.9426e-04
             81          6.8205e-04
             82          6.7124e-04
             83          6.6276e-04
             84          6.5267e-04
             85          6.4242e-04
             86          6.3410e-04
             87          6.2731e-04
             88          6.1489e-04
             89          6.0591e-04
             90          5.9624e-04
             91          5.8836e-04
             92          5.7853e-04
             93          5.7408e-04
             94          5.6650e-04
             95          5.5659e-04
             96          5.4951e-04
             97          5.4316e-04
             98          5.3592e-04
             99          5.2752e-04
            100          5.2081e-04
            101          5.1691e-04
            102          5.0916e-04
            103          5.0164e-04
            104          4.9608e-04
            105          4.9063e-04
            106          4.8379e-04
            107          4.7749e-04
            108          4.7208e-04
            109          4.6753e-04
            110          4.6249e-04
            111          4.5445e-04
            112          4.5063e-04
            113          4.4469e-04
            114          4.4011e-04
            115          4.3563e-04
            116          4.2996e-04
            117          4.2581e-04
            118          4.1684e-04
            119          4.1354e-04
            120          4.0882e-04
            121          4.0529e-04
            122          4.0044e-04
            123          3.9480e-04
            124          3.8813e-04
            125          3.8543e-04
            126          3.7988e-04
            127          3.7573e-04
            128          3.7253e-04
            129          3.6862e-04
            130          3.6465e-04
            131          3.6211e-04
            132          3.5742e-04
            133          3.5423e-04
            134          3.5083e-04
            135          3.4578e-04
            136          3.4217e-04
            137          3.3896e-04
            138          3.3623e-04
            139          3.3417e-04
            140          3.3072e-04
            141          3.2567e-04
            142          3.2260e-04
            143          3.1890e-04
            144          3.1536e-04
            145          3.1253e-04
            146          3.0942e-04
            147          3.0637e-04
            148          3.0285e-04
            149          3.0157e-04
            150          2.9952e-04
            151          2.9705e-04
            152          2.9339e-04
            153          2.9090e-04
            154          2.8811e-04
            155          2.8523e-04
            156          2.8323e-04
            157          2.8069e-04
            158          2.7849e-04
            159          2.7588e-04
            160          2.7340e-04
            161          2.7157e-04
            162          2.6913e-04
            163          2.6721e-04
            164          2.6482e-04
            165          2.6199e-04
            166          2.5943e-04
            167          2.5969e-04
            168          2.5719e-04
            169          2.5447e-04
            170          2.5400e-04
            171          2.5149e-04
            172          2.4973e-04
            173          2.4699e-04
            174          2.4668e-04
            175          2.4367e-04
            176          2.4151e-04
            177          2.4062e-04
            178          2.3878e-04
            179          2.3719e-04
            180          2.3501e-04
            181          2.3403e-04
            182          2.3459e-04
            183          2.3081e-04
            184          2.2866e-04
            185          2.2732e-04
            186          2.2543e-04
            187          2.2387e-04
            188          2.2224e-04
            189          2.2083e-04
            190          2.1900e-04
            191          2.1804e-04
            192          2.1607e-04
            193          2.1518e-04
            194          2.1359e-04
            195          2.1287e-04
            196          2.1106e-04
            197          2.0963e-04
            198          2.0840e-04
            199          2.0673e-04
            200          2.0508e-04
            201          2.0377e-04
            202          2.0323e-04
            203          2.0240e-04
            204          2.0089e-04
            205          1.9930e-04
            206          1.9806e-04
            207          1.9609e-04
            208          1.9493e-04
            209          1.9371e-04
            210          1.9302e-04
            211          1.9123e-04
            212          1.8974e-04
            213          1.8887e-04
            214          1.8727e-04
            215          1.8592e-04
            216          1.8485e-04
            217          1.8409e-04
            218          1.8323e-04
            219          1.8142e-04
            220          1.8085e-04
            221          1.7996e-04
            222          1.7909e-04
            223          1.7812e-04
            224          1.7661e-04
            225          1.7569e-04
            226          1.7529e-04
            227          1.7436e-04
            228          1.7329e-04
            229          1.7187e-04
            230          1.7104e-04
            231          1.7011e-04
            232          1.6859e-04
            233          1.6858e-04
            234          1.6712e-04
            235          1.6549e-04
            236          1.6478e-04
            237          1.6304e-04
            238          1.6317e-04
            239          1.6153e-04
            240          1.6142e-04
            241          1.6081e-04
            242          1.5959e-04
            243          1.5889e-04
            244          1.5784e-04
            245          1.5739e-04
            246          1.5646e-04
            247          1.5551e-04
            248          1.5449e-04
            249          1.5381e-04
            250          1.5343e-04
            251          1.5278e-04
            252          1.5223e-04
            253          1.5105e-04
            254          1.5071e-04
            255          1.5018e-04
            256          1.4852e-04
            257          1.4844e-04
            258          1.4792e-04
            259          1.4703e-04
            260          1.4696e-04
            261          1.4615e-04
            262          1.4587e-04
            263          1.4432e-04
            264          1.4409e-04
            265          1.4347e-04
            266          1.4307e-04
            267          1.4258e-04
            268          1.4164e-04
            269          1.4099e-04
            270          1.4025e-04
            271          1.3984e-04
            272          1.4038e-04
            273          1.3863e-04
            274          1.3796e-04
            275          1.3703e-04
            276          1.3708e-04
            277          1.3556e-04
            278          1.3492e-04
            279          1.3421e-04
            280          1.3317e-04
            281          1.3361e-04
            282          1.3277e-04
            283          1.3262e-04
            284          1.3127e-04
            285          1.3145e-04
            286          1.3064e-04
            287          1.3065e-04
            288          1.2991e-04
            289          1.2920e-04
            290          1.2863e-04
            291          1.2797e-04
            292          1.2756e-04
            293          1.2701e-04
            294          1.2731e-04
            295          1.2658e-04
            296          1.2648e-04
            297          1.2612e-04
            298          1.2486e-04
            299          1.2475e-04
            300          1.2380e-04
            301          1.2352e-04
            302          1.2298e-04
            303          1.2247e-04
            304          1.2219e-04
            305          1.2140e-04
            306          1.2039e-04
            307          1.2055e-04
            308          1.1999e-04
            309          1.1913e-04
            310          1.1876e-04
            311          1.1820e-04
            312          1.1777e-04
            313          1.1728e-04
            314          1.1659e-04
            315          1.1640e-04
            316          1.1592e-04
            317          1.1537e-04
            318          1.1466e-04
            319          1.1479e-04
            320          1.1403e-04
            321          1.1353e-04
            322          1.1345e-04
            323          1.1272e-04
            324          1.1206e-04
            325          1.1187e-04
            326          1.1166e-04
            327          1.1115e-04
            328          1.1084e-04
            329          1.1022e-04
            330          1.1019e-04
            331          1.0969e-04
            332          1.0896e-04
            333          1.0894e-04
            334          1.0848e-04
            335          1.0822e-04
            336          1.0773e-04
            337          1.0737e-04
            338          1.0730e-04
            339          1.0685e-04
            340          1.0622e-04
            341          1.0589e-04
            342          1.0550e-04
            343          1.0510e-04
            344          1.0490e-04
            345          1.0411e-04
            346          1.0398e-04
            347          1.0343e-04
            348          1.0313e-04
            349          1.0289e-04
            350          1.0252e-04
            351          1.0208e-04
            352          1.0160e-04
            353          1.0085e-04
            354          1.0098e-04
            355          1.0075e-04
            356          1.0005e-04
            357          9.9890e-05
            358          9.9917e-05
            359          9.8910e-05
            360          9.9070e-05
            361          9.9035e-05
            362          9.8402e-05
            363          9.7964e-05
            364          9.7628e-05
            365          9.7391e-05
            366          9.7128e-05
            367          9.7194e-05
            368          9.6873e-05
            369          9.6676e-05
            370          9.6310e-05
            371          9.5846e-05
            372          9.5282e-05
            373          9.5269e-05
            374          9.4703e-05
            375          9.4778e-05
            376          9.4338e-05
            377          9.4055e-05
            378          9.3730e-05
            379          9.3712e-05
            380          9.2990e-05
            381          9.3376e-05
            382          9.3089e-05
            383          9.2690e-05
            384          9.2359e-05
            385          9.2317e-05
            386          9.1894e-05
            387          9.1735e-05
            388          9.0830e-05
            389          9.0890e-05
            390          9.0807e-05
            391          9.0380e-05
            392          8.9866e-05
            393          8.9938e-05
            394          8.9255e-05
            395          8.9258e-05
            396          8.9202e-05
            397          8.8335e-05
            398          8.8421e-05
            399          8.7608e-05
            400          8.7867e-05
            401          8.7851e-05
            402          8.7289e-05
            403          8.7428e-05
            404          8.7266e-05
            405          8.6781e-05
            406          8.6784e-05
            407          8.6541e-05
            408          8.6323e-05
            409          8.5804e-05
            410          8.5738e-05
            411          8.5599e-05
            412          8.5314e-05
            413          8.5172e-05
            414          8.4940e-05
            415          8.4507e-05
            416          8.4219e-05
            417          8.4290e-05
            418          8.4075e-05
            419          8.3426e-05
            420          8.3759e-05
            421          8.3399e-05
            422          8.2811e-05
            423          8.3299e-05
            424          8.2490e-05
            425          8.2237e-05
            426          8.2093e-05
            427          8.1857e-05
            428          8.1741e-05
            429          8.1460e-05
            430          8.1020e-05
            431          8.0759e-05
            432          8.0909e-05
            433          8.0661e-05
            434          8.0555e-05
            435          8.0484e-05
            436          8.0197e-05
            437          8.0020e-05
            438          7.9832e-05
            439          7.9354e-05
            440          7.8852e-05
            441          7.8747e-05
            442          7.8800e-05
            443          7.8859e-05
            444          7.8283e-05
            445          7.8094e-05
            446          7.7681e-05
            447          7.7671e-05
            448          7.7697e-05
            449          7.7281e-05
            450          7.7121e-05
            451          7.6764e-05
            452          7.6816e-05
            453          7.6687e-05
            454          7.6395e-05
            455          7.6345e-05
            456          7.6198e-05
            457          7.5969e-05
            458          7.5639e-05
            459          7.5649e-05
            460          7.5317e-05
            461          7.5553e-05
            462          7.5162e-05
            463          7.4562e-05
            464          7.4585e-05
            465          7.4358e-05
            466          7.4693e-05
            467          7.4302e-05
            468          7.4087e-05
            469          7.3748e-05
            470          7.3729e-05
            471          7.3610e-05
            472          7.3722e-05
            473          7.3228e-05
            474          7.3067e-05
            475          7.3016e-05
            476          7.2508e-05
            477          7.2728e-05
            478          7.2408e-05
            479          7.2085e-05
            480          7.1952e-05
            481          7.1882e-05
            482          7.1946e-05
            483          7.1281e-05
            484          7.1201e-05
            485          7.0879e-05
            486          7.0826e-05
            487          7.0644e-05
            488          7.0566e-05
            489          7.0274e-05
            490          7.0204e-05
            491          7.0512e-05
            492          7.0072e-05
            493          6.9954e-05
            494          6.9708e-05
            495          6.9622e-05
            496          6.9591e-05
            497          6.9409e-05
            498          6.9023e-05
            499          6.9077e-05
            500          6.8802e-05
            501          6.8501e-05
            502          6.8490e-05
            503          6.8583e-05
            504          6.8126e-05
            505          6.8019e-05
            506          6.7621e-05
            507          6.7830e-05
            508          6.7382e-05
            509          6.7566e-05
            510          6.7348e-05
            511          6.7194e-05
            512          6.7235e-05
            513          6.7068e-05
            514          6.6944e-05
            515          6.6701e-05
            516          6.6496e-05
            517          6.6684e-05
            518          6.6443e-05
            519          6.6385e-05
            520          6.6012e-05
            521          6.5813e-05
            522          6.6033e-05
            523          6.5621e-05
            524          6.5422e-05
            525          6.5088e-05
            526          6.5265e-05
            527          6.4920e-05
            528          6.5114e-05
            529          6.4851e-05
            530          6.4675e-05
            531          6.4892e-05
            532          6.4499e-05
            533          6.4172e-05
            534          6.3980e-05
            535          6.3942e-05
            536          6.3922e-05
            537          6.3788e-05
            538          6.3601e-05
            539          6.3429e-05
            540          6.3383e-05
            541          6.3029e-05
            542          6.3035e-05
            543          6.2707e-05
            544          6.2731e-05
            545          6.2849e-05
            546          6.2578e-05
            547          6.2387e-05
            548          6.2392e-05
            549          6.2145e-05
            550          6.2247e-05
            551          6.2205e-05
            552          6.1778e-05
            553          6.2223e-05
            554          6.1762e-05
            555          6.1861e-05
            556          6.1270e-05
            557          6.1321e-05
            558          6.1126e-05
            559          6.0833e-05
            560          6.0845e-05
            561          6.0564e-05
            562          6.0545e-05
            563          6.0446e-05
            564          6.0361e-05
            565          6.0331e-05
            566          6.0075e-05
            567          5.9904e-05
            568          6.0078e-05
            569          5.9753e-05
            570          5.9765e-05
            571          5.9587e-05
            572          5.9629e-05
            573          5.9269e-05
            574          5.9395e-05
            575          5.9551e-05
            576          5.9302e-05
            577          5.9310e-05
            578          5.9139e-05
            579          5.8773e-05
            580          5.8661e-05
            581          5.8701e-05
            582          5.8407e-05
            583          5.8501e-05
            584          5.8250e-05
            585          5.8168e-05
            586          5.7929e-05
            587          5.8193e-05
            588          5.8095e-05
            589          5.7852e-05
            590          5.7750e-05
            591          5.7473e-05
            592          5.7449e-05
            593          5.7251e-05
            594          5.7362e-05
            595          5.7218e-05
            596          5.7311e-05
            597          5.6851e-05
            598          5.6599e-05
            599          5.6575e-05
            600          5.6776e-05
            601          5.6613e-05
            602          5.6261e-05
            603          5.6475e-05
            604          5.6228e-05
            605          5.6102e-05
            606          5.6086e-05
            607          5.5975e-05
            608          5.5736e-05
            609          5.5861e-05
            610          5.5536e-05
            611          5.5487e-05
            612          5.5498e-05
            613          5.5228e-05
            614          5.5388e-05
            615          5.4972e-05
            616          5.5160e-05
            617          5.4814e-05
            618          5.4830e-05
            619          5.4652e-05
            620          5.4714e-05
            621          5.4696e-05
            622          5.4513e-05
            623          5.4148e-05
            624          5.4179e-05
            625          5.4225e-05
            626          5.3893e-05
            627          5.3926e-05
            628          5.3842e-05
            629          5.3628e-05
            630          5.3658e-05
            631          5.3716e-05
            632          5.3410e-05
            633          5.3146e-05
            634          5.3258e-05
            635          5.3276e-05
            636          5.3187e-05
            637          5.2928e-05
            638          5.2785e-05
            639          5.3154e-05
            640          5.2593e-05
            641          5.2389e-05
            642          5.2526e-05
            643          5.2566e-05
            644          5.2378e-05
            645          5.2348e-05
            646          5.2334e-05
            647          5.2132e-05
            648          5.1923e-05
            649          5.2057e-05
            650          5.1886e-05
            651          5.1824e-05
            652          5.1656e-05
            653          5.1746e-05
            654          5.1610e-05
            655          5.1616e-05
            656          5.1558e-05
            657          5.1293e-05
            658          5.1397e-05
            659          5.1338e-05
            660          5.1242e-05
            661          5.1076e-05
            662          5.0744e-05
            663          5.1016e-05
            664          5.0632e-05
            665          5.0646e-05
            666          5.0554e-05
            667          5.0496e-05
            668          5.0503e-05
            669          5.0398e-05
            670          5.0229e-05
            671          5.0648e-05
            672          5.0394e-05
            673          4.9906e-05
            674          5.0113e-05
            675          4.9906e-05
            676          4.9864e-05
            677          4.9730e-05
            678          4.9671e-05
            679          4.9649e-05
            680          4.9365e-05
            681          4.9552e-05
            682          4.9422e-05
            683          4.9357e-05
            684          4.9350e-05
            685          4.9228e-05
            686          4.9247e-05
            687          4.9383e-05
            688          4.9204e-05
            689          4.8769e-05
            690          4.9124e-05
            691          4.8597e-05
            692          4.8717e-05
            693          4.8657e-05
            694          4.8394e-05
            695          4.8375e-05
            696          4.8306e-05
            697          4.8427e-05
            698          4.8288e-05
            699          4.8150e-05
            700          4.8259e-05
            701          4.7842e-05
            702          4.7950e-05
            703          4.8019e-05
            704          4.7995e-05
            705          4.7643e-05
            706          4.7594e-05
            707          4.7534e-05
            708          4.7600e-05
            709          4.7372e-05
            710          4.7336e-05
            711          4.7434e-05
            712          4.7214e-05
            713          4.6931e-05
            714          4.7135e-05
            715          4.6976e-05
            716          4.6877e-05
            717          4.6721e-05
            718          4.6484e-05
            719          4.6715e-05
            720          4.6367e-05
            721          4.6424e-05
            722          4.6326e-05
            723          4.6403e-05
            724          4.6339e-05
            725          4.5956e-05
            726          4.6032e-05
            727          4.6318e-05
            728          4.6259e-05
            729          4.5819e-05
            730          4.5983e-05
            731          4.5969e-05
            732          4.5705e-05
            733          4.5513e-05
            734          4.5638e-05
            735          4.5426e-05
            736          4.5523e-05
            737          4.5230e-05
            738          4.5406e-05
            739          4.5323e-05
            740          4.5321e-05
            741          4.4953e-05
            742          4.4824e-05
            743          4.4939e-05
            744          4.4948e-05
            745          4.4944e-05
            746          4.4748e-05
            747          4.4731e-05
            748          4.4544e-05
            749          4.4810e-05
            750          4.4624e-05
            751          4.4585e-05
            752          4.4616e-05
            753          4.4452e-05
            754          4.4256e-05
            755          4.4337e-05
            756          4.4102e-05
            757          4.4075e-05
            758          4.4284e-05
            759          4.4143e-05
            760          4.4112e-05
            761          4.3965e-05
            762          4.3834e-05
            763          4.3790e-05
            764          4.3507e-05
            765          4.3481e-05
            766          4.3698e-05
            767          4.3347e-05
            768          4.3444e-05
            769          4.3338e-05
            770          4.3110e-05
            771          4.3177e-05
            772          4.3359e-05
            773          4.3143e-05
            774          4.3102e-05
            775          4.2870e-05
            776          4.2951e-05
            777          4.2905e-05
            778          4.3022e-05
            779          4.2936e-05
            780          4.2938e-05
            781          4.2672e-05
            782          4.2775e-05
            783          4.2683e-05
            784          4.2603e-05
            785          4.2552e-05
            786          4.2336e-05
            787          4.2311e-05
            788          4.2159e-05
            789          4.2415e-05
            790          4.2075e-05
            791          4.2077e-05
            792          4.1777e-05
            793          4.1843e-05
            794          4.1957e-05
            795          4.1935e-05
            796          4.1713e-05
            797          4.1878e-05
            798          4.1577e-05
            799          4.1724e-05
            800          4.1366e-05
            801          4.1652e-05
            802          4.1522e-05
            803          4.1376e-05
            804          4.1254e-05
            805          4.1277e-05
            806          4.1162e-05
            807          4.1225e-05
            808          4.1139e-05
            809          4.1250e-05
            810          4.0843e-05
            811          4.0935e-05
            812          4.0868e-05
            813          4.0838e-05
            814          4.0663e-05
            815          4.0637e-05
            816          4.0672e-05
            817          4.0647e-05
            818          4.0586e-05
            819          4.0516e-05
            820          4.0611e-05
            821          4.0416e-05
            822          4.0130e-05
            823          4.0672e-05
            824          4.0243e-05
            825          4.0379e-05
            826          4.0250e-05
            827          4.0105e-05
            828          4.0075e-05
            829          4.0263e-05
            830          4.0023e-05
            831          4.0039e-05
            832          3.9987e-05
            833          3.9746e-05
            834          3.9903e-05
            835          3.9970e-05
            836          3.9775e-05
            837          3.9712e-05
            838          3.9512e-05
            839          3.9500e-05
            840          3.9394e-05
            841          3.9352e-05
            842          3.9108e-05
            843          3.9335e-05
            844          3.9242e-05
            845          3.9381e-05
            846          3.9099e-05
            847          3.9224e-05
            848          3.9070e-05
            849          3.8759e-05
            850          3.9189e-05
            851          3.8828e-05
            852          3.8630e-05
            853          3.8947e-05
            854          3.8759e-05
            855          3.8612e-05
            856          3.8708e-05
            857          3.8506e-05
            858          3.8356e-05
            859          3.8517e-05
            860          3.8473e-05
            861          3.8497e-05
            862          3.8216e-05
            863          3.8347e-05
            864          3.8323e-05
            865          3.8231e-05
            866          3.8082e-05
            867          3.7953e-05
            868          3.7920e-05
            869          3.8056e-05
            870          3.8212e-05
            871          3.7949e-05
            872          3.7883e-05
            873          3.7974e-05
            874          3.7795e-05
            875          3.7674e-05
            876          3.7801e-05
            877          3.7824e-05
            878          3.7583e-05
            879          3.7745e-05
            880          3.7425e-05
            881          3.7407e-05
            882          3.7392e-05
            883          3.7528e-05
            884          3.7337e-05
            885          3.7295e-05
            886          3.7218e-05
            887          3.7255e-05
            888          3.7036e-05
            889          3.7038e-05
            890          3.6991e-05
            891          3.7076e-05
            892          3.6763e-05
            893          3.6813e-05
            894          3.6669e-05
            895          3.6878e-05
            896          3.6822e-05
            897          3.6768e-05
            898          3.6761e-05
            899          3.6445e-05
            900          3.6571e-05
            901          3.6520e-05
            902          3.6602e-05
            903          3.6642e-05
            904          3.6583e-05
            905          3.6444e-05
            906          3.6361e-05
            907          3.6421e-05
            908          3.6298e-05
            909          3.6457e-05
            910          3.6317e-05
            911          3.6092e-05
            912          3.6185e-05
            913          3.6166e-05
            914          3.6125e-05
            915          3.5951e-05
            916          3.5772e-05
            917          3.5871e-05
            918          3.5639e-05
            919          3.5759e-05
            920          3.5912e-05
            921          3.5827e-05
            922          3.5673e-05
            923          3.5712e-05
            924          3.5732e-05
            925          3.5663e-05
            926          3.5340e-05
            927          3.5434e-05
            928          3.5638e-05
            929          3.5536e-05
            930          3.5511e-05
            931          3.5457e-05
            932          3.5235e-05
            933          3.5165e-05
            934          3.5277e-05
            935          3.5344e-05
            936          3.5292e-05
            937          3.4878e-05
            938          3.4899e-05
            939          3.4907e-05
            940          3.4748e-05
            941          3.4734e-05
            942          3.4899e-05
            943          3.4873e-05
            944          3.4859e-05
            945          3.4728e-05
            946          3.4573e-05
            947          3.4762e-05
            948          3.4510e-05
            949          3.4568e-05
            950          3.4503e-05
            951          3.4512e-05
            952          3.4296e-05
            953          3.4360e-05
            954          3.4253e-05
            955          3.4358e-05
            956          3.4257e-05
            957          3.4333e-05
            958          3.4276e-05
            959          3.4228e-05
            960          3.4022e-05
            961          3.4280e-05
            962          3.4142e-05
            963          3.4141e-05
            964          3.4068e-05
            965          3.3902e-05
            966          3.3961e-05
            967          3.3823e-05
            968          3.3858e-05
            969          3.3708e-05
            970          3.3864e-05
            971          3.3781e-05
            972          3.3938e-05
            973          3.3736e-05
            974          3.3735e-05
            975          3.3461e-05
            976          3.3524e-05
            977          3.3462e-05
            978          3.3350e-05
            979          3.3303e-05
            980          3.3481e-05
            981          3.3187e-05
            982          3.3440e-05
            983          3.3110e-05
            984          3.3166e-05
            985          3.3117e-05
            986          3.3095e-05
            987          3.2937e-05
            988          3.3074e-05
            989          3.3083e-05
            990          3.2990e-05
            991          3.3054e-05
            992          3.2808e-05
            993          3.2864e-05
            994          3.2676e-05
            995          3.2712e-05
            996          3.2564e-05
            997          3.2670e-05
            998          3.2823e-05
            999          3.2653e-05
           1000          3.2660e-05
