              0          1.0000e+00
              1          9.8505e-02
              2          5.8243e-02
              3          4.1298e-02
              4          3.1066e-02
              5          2.4214e-02
              6          1.9464e-02
              7          1.6185e-02
              8          1.3635e-02
              9          1.1643e-02
             10          9.9881e-03
             11          8.7643e-03
             12          7.7793e-03
             13          6.9762e-03
             14          6.2880e-03
             15          5.7150e-03
             16          5.1978e-03
             17          4.7909e-03
             18          4.4685e-03
             19          4.1840e-03
             20          3.9274e-03
             21          3.6554e-03
             22          3.4529e-03
             23          3.2600e-03
             24          3.1028e-03
             25          2.9413e-03
             26          2.7951e-03
             27          2.6638e-03
             28          2.5656e-03
             29          2.4561e-03
             30          2.3614e-03
             31          2.2714e-03
             32          2.1868e-03
             33          2.1041e-03
             34          2.0288e-03
             35          1.9725e-03
             36          1.9126e-03
             37          1.8527e-03
             38          1.7916e-03
             39          1.7414e-03
             40          1.6899e-03
             41          1.6411e-03
             42          1.5855e-03
             43          1.5374e-03
             44          1.4968e-03
             45          1.4545e-03
             46          1.4127e-03
             47          1.3772e-03
             48          1.3421e-03
             49          1.3062e-03
             50          1.2799e-03
             51          1.2495e-03
             52          1.2163e-03
             53          1.1884e-03
             54          1.1631e-03
             55          1.1353e-03
             56          1.1109e-03
             57          1.0867e-03
             58          1.0635e-03
             59          1.0376e-03
             60          1.0195e-03
             61          9.9587e-04
             62          9.7188e-04
             63          9.5034e-04
             64          9.2726e-04
             65          9.1280e-04
             66          8.9613e-04
             67          8.8149e-04
             68          8.6153e-04
             69          8.4389e-04
             70          8.2977e-04
             71          8.1253e-04
             72          8.0050e-04
             73          7.8603e-04
             74          7.7308e-04
             75          7.6300e-04
             76          7.5203e-04
             77          7.3927e-04
             78          7.2623e-04
             79          7.1385e-04
             80          7.0134e-04
             81          6.9602e-04
             82          6.8289e-04
             83          6.6939e-04
             84          6.5941e-04
             85          6.5093e-04
             86          6.4169e-04
             87          6.3181e-04
             88          6.1968e-04
             89          6.1193e-04
             90          6.0392e-04
             91          5.9780e-04
             92          5.9059e-04
             93          5.8352e-04
             94          5.7491e-04
             95          5.6560e-04
             96          5.5913e-04
             97          5.5344e-04
             98          5.4496e-04
             99          5.3765e-04
            100          5.2885e-04
            101          5.2381e-04
            102          5.1480e-04
            103          5.0976e-04
            104          5.0313e-04
            105          4.9359e-04
            106          4.8853e-04
            107          4.8426e-04
            108          4.7783e-04
            109          4.7050e-04
            110          4.6596e-04
            111          4.6065e-04
            112          4.5492e-04
            113          4.5012e-04
            114          4.4512e-04
            115          4.4102e-04
            116          4.3424e-04
            117          4.2959e-04
            118          4.2357e-04
            119          4.1864e-04
            120          4.1224e-04
            121          4.0764e-04
            122          4.0452e-04
            123          3.9984e-04
            124          3.9622e-04
            125          3.9162e-04
            126          3.8944e-04
            127          3.8549e-04
            128          3.8245e-04
            129          3.7751e-04
            130          3.7246e-04
            131          3.6995e-04
            132          3.7127e-04
            133          3.6491e-04
            134          3.6075e-04
            135          3.5589e-04
            136          3.5223e-04
            137          3.4912e-04
            138          3.4493e-04
            139          3.4075e-04
            140          3.3824e-04
            141          3.3454e-04
            142          3.3137e-04
            143          3.2862e-04
            144          3.2602e-04
            145          3.2240e-04
            146          3.1883e-04
            147          3.1671e-04
            148          3.1252e-04
            149          3.0915e-04
            150          3.0571e-04
            151          3.0480e-04
            152          3.0163e-04
            153          3.0016e-04
            154          2.9632e-04
            155          2.9360e-04
            156          2.8987e-04
            157          2.8931e-04
            158          2.8674e-04
            159          2.8331e-04
            160          2.8036e-04
            161          2.7738e-04
            162          2.7444e-04
            163          2.7144e-04
            164          2.6932e-04
            165          2.6711e-04
            166          2.6540e-04
            167          2.6373e-04
            168          2.6163e-04
            169          2.5944e-04
            170          2.5749e-04
            171          2.5537e-04
            172          2.5348e-04
            173          2.5175e-04
            174          2.4998e-04
            175          2.4873e-04
            176          2.4572e-04
            177          2.4352e-04
            178          2.4285e-04
            179          2.4011e-04
            180          2.3872e-04
            181          2.3635e-04
            182          2.3540e-04
            183          2.3359e-04
            184          2.3184e-04
            185          2.2979e-04
            186          2.2806e-04
            187          2.2642e-04
            188          2.2523e-04
            189          2.2376e-04
            190          2.2275e-04
            191          2.2047e-04
            192          2.1876e-04
            193          2.1721e-04
            194          2.1606e-04
            195          2.1440e-04
            196          2.1334e-04
            197          2.1104e-04
            198          2.0940e-04
            199          2.0830e-04
            200          2.0659e-04
            201          2.0566e-04
            202          2.0413e-04
            203          2.0269e-04
            204          2.0226e-04
            205          2.0019e-04
            206          1.9792e-04
            207          1.9722e-04
            208          1.9607e-04
            209          1.9380e-04
            210          1.9227e-04
            211          1.9136e-04
            212          1.9013e-04
            213          1.8943e-04
            214          1.8912e-04
            215          1.8721e-04
            216          1.8622e-04
            217          1.8590e-04
            218          1.8450e-04
            219          1.8259e-04
            220          1.8233e-04
            221          1.8187e-04
            222          1.8040e-04
            223          1.7963e-04
            224          1.7767e-04
            225          1.7759e-04
            226          1.7620e-04
            227          1.7495e-04
            228          1.7420e-04
            229          1.7224e-04
            230          1.7136e-04
            231          1.7082e-04
            232          1.6935e-04
            233          1.6848e-04
            234          1.6814e-04
            235          1.6700e-04
            236          1.6522e-04
            237          1.6450e-04
            238          1.6370e-04
            239          1.6327e-04
            240          1.6141e-04
            241          1.6143e-04
            242          1.6088e-04
            243          1.5946e-04
            244          1.5868e-04
            245          1.5780e-04
            246          1.5725e-04
            247          1.5646e-04
            248          1.5522e-04
            249          1.5460e-04
            250          1.5416e-04
            251          1.5315e-04
            252          1.5311e-04
            253          1.5289e-04
            254          1.5191e-04
            255          1.5096e-04
            256          1.5035e-04
            257          1.4889e-04
            258          1.4818e-04
            259          1.4755e-04
            260          1.4703e-04
            261          1.4683e-04
            262          1.4589e-04
            263          1.4502e-04
            264          1.4398e-04
            265          1.4375e-04
            266          1.4275e-04
            267          1.4144e-04
            268          1.4067e-04
            269          1.4033e-04
            270          1.3938e-04
            271          1.3850e-04
            272          1.3815e-04
            273          1.3739e-04
            274          1.3732e-04
            275          1.3651e-04
            276          1.3603e-04
            277          1.3589e-04
            278          1.3511e-04
            279          1.3451e-04
            280          1.3396e-04
            281          1.3277e-04
            282          1.3263e-04
            283          1.3180e-04
            284          1.3163e-04
            285          1.3079e-04
            286          1.3031e-04
            287          1.2958e-04
            288          1.2955e-04
            289          1.2902e-04
            290          1.2789e-04
            291          1.2734e-04
            292          1.2728e-04
            293          1.2659e-04
            294          1.2712e-04
            295          1.2566e-04
            296          1.2575e-04
            297          1.2560e-04
            298          1.2417e-04
            299          1.2421e-04
            300          1.2313e-04
            301          1.2302e-04
            302          1.2202e-04
            303          1.2187e-04
            304          1.2165e-04
            305          1.2090e-04
            306          1.1989e-04
            307          1.1994e-04
            308          1.1954e-04
            309          1.1888e-04
            310          1.1859e-04
            311          1.1846e-04
            312          1.1821e-04
            313          1.1752e-04
            314          1.1693e-04
            315          1.1655e-04
            316          1.1597e-04
            317          1.1629e-04
            318          1.1512e-04
            319          1.1435e-04
            320          1.1398e-04
            321          1.1383e-04
            322          1.1362e-04
            323          1.1311e-04
            324          1.1240e-04
            325          1.1236e-04
            326          1.1181e-04
            327          1.1132e-04
            328          1.1065e-04
            329          1.1028e-04
            330          1.1023e-04
            331          1.0978e-04
            332          1.0943e-04
            333          1.0894e-04
            334          1.0857e-04
            335          1.0841e-04
            336          1.0741e-04
            337          1.0725e-04
            338          1.0662e-04
            339          1.0687e-04
            340          1.0584e-04
            341          1.0558e-04
            342          1.0540e-04
            343          1.0475e-04
            344          1.0438e-04
            345          1.0486e-04
            346          1.0366e-04
            347          1.0340e-04
            348          1.0290e-04
            349          1.0256e-04
            350          1.0217e-04
            351          1.0173e-04
            352          1.0135e-04
            353          1.0150e-04
            354          1.0115e-04
            355          1.0063e-04
            356          1.0062e-04
            357          9.9946e-05
            358          9.9961e-05
            359          9.9347e-05
            360          9.8950e-05
            361          9.8670e-05
            362          9.8683e-05
            363          9.7960e-05
            364          9.8096e-05
            365          9.7493e-05
            366          9.7548e-05
            367          9.7173e-05
            368          9.7557e-05
            369          9.7021e-05
            370          9.6869e-05
            371          9.6176e-05
            372          9.5969e-05
            373          9.5797e-05
            374          9.4970e-05
            375          9.4829e-05
            376          9.4468e-05
            377          9.4101e-05
            378          9.4105e-05
            379          9.3215e-05
            380          9.3003e-05
            381          9.2994e-05
            382          9.2704e-05
            383          9.2896e-05
            384          9.2300e-05
            385          9.1693e-05
            386          9.1502e-05
            387          9.1080e-05
            388          9.1128e-05
            389          9.0768e-05
            390          9.0235e-05
            391          8.9873e-05
            392          9.0034e-05
            393          8.9705e-05
            394          8.9257e-05
            395          8.9378e-05
            396          8.8953e-05
            397          8.8370e-05
            398          8.8439e-05
            399          8.7725e-05
            400          8.7919e-05
            401          8.8139e-05
            402          8.7323e-05
            403          8.7123e-05
            404          8.7273e-05
            405          8.6991e-05
            406          8.6827e-05
            407          8.6403e-05
            408          8.6067e-05
            409          8.5789e-05
            410          8.5588e-05
            411          8.5665e-05
            412          8.5117e-05
            413          8.5243e-05
            414          8.5126e-05
            415          8.4290e-05
            416          8.4736e-05
            417          8.4264e-05
            418          8.3447e-05
            419          8.3482e-05
            420          8.3121e-05
            421          8.3237e-05
            422          8.3260e-05
            423          8.2697e-05
            424          8.2486e-05
            425          8.2105e-05
            426          8.1847e-05
            427          8.1900e-05
            428          8.1614e-05
            429          8.1542e-05
            430          8.1580e-05
            431          8.1428e-05
            432          8.1064e-05
            433          8.0825e-05
            434          8.0216e-05
            435          8.0419e-05
            436          8.0067e-05
            437          8.0051e-05
            438          8.0126e-05
            439          7.9526e-05
            440          7.9347e-05
            441          7.9032e-05
            442          7.8861e-05
            443          7.8920e-05
            444          7.8604e-05
            445          7.8381e-05
            446          7.7896e-05
            447          7.7719e-05
            448          7.7547e-05
            449          7.7527e-05
            450          7.7256e-05
            451          7.7243e-05
            452          7.6804e-05
            453          7.7006e-05
            454          7.6413e-05
            455          7.6845e-05
            456          7.6247e-05
            457          7.5791e-05
            458          7.6195e-05
            459          7.5570e-05
            460          7.5549e-05
            461          7.5158e-05
            462          7.4684e-05
            463          7.5131e-05
            464          7.4706e-05
            465          7.4445e-05
            466          7.4494e-05
            467          7.3992e-05
            468          7.3873e-05
            469          7.3907e-05
            470          7.3881e-05
            471          7.3299e-05
            472          7.3476e-05
            473          7.3185e-05
            474          7.2742e-05
            475          7.2496e-05
            476          7.2266e-05
            477          7.2642e-05
            478          7.2056e-05
            479          7.2093e-05
            480          7.1999e-05
            481          7.1883e-05
            482          7.1867e-05
            483          7.1294e-05
            484          7.1476e-05
            485          7.1026e-05
            486          7.0708e-05
            487          7.0405e-05
            488          7.0958e-05
            489          7.0914e-05
            490          7.0017e-05
            491          7.0377e-05
            492          7.0050e-05
            493          7.0023e-05
            494          6.9671e-05
            495          6.9566e-05
            496          6.9096e-05
            497          6.9248e-05
            498          6.8787e-05
            499          6.8973e-05
            500          6.8649e-05
            501          6.8563e-05
            502          6.8390e-05
            503          6.8533e-05
            504          6.8181e-05
            505          6.8272e-05
            506          6.8030e-05
            507          6.7917e-05
            508          6.7596e-05
            509          6.7532e-05
            510          6.7055e-05
            511          6.7159e-05
            512          6.7127e-05
            513          6.6869e-05
            514          6.6687e-05
            515          6.6812e-05
            516          6.6683e-05
            517          6.6349e-05
            518          6.6502e-05
            519          6.6394e-05
            520          6.6189e-05
            521          6.6110e-05
            522          6.5791e-05
            523          6.5672e-05
            524          6.5527e-05
            525          6.5674e-05
            526          6.5343e-05
            527          6.4920e-05
            528          6.5141e-05
            529          6.4627e-05
            530          6.4775e-05
            531          6.4959e-05
            532          6.4687e-05
            533          6.4219e-05
            534          6.4105e-05
            535          6.3922e-05
            536          6.3777e-05
            537          6.3958e-05
            538          6.3828e-05
            539          6.3719e-05
            540          6.3345e-05
            541          6.3186e-05
            542          6.3184e-05
            543          6.2873e-05
            544          6.3050e-05
            545          6.2702e-05
            546          6.2476e-05
            547          6.2327e-05
            548          6.2644e-05
            549          6.2595e-05
            550          6.2059e-05
            551          6.2066e-05
            552          6.1736e-05
            553          6.1960e-05
            554          6.1544e-05
            555          6.1556e-05
            556          6.1108e-05
            557          6.1168e-05
            558          6.1252e-05
            559          6.1094e-05
            560          6.0855e-05
            561          6.0350e-05
            562          6.0603e-05
            563          6.0434e-05
            564          6.0321e-05
            565          6.0345e-05
            566          6.0288e-05
            567          6.0069e-05
            568          6.0133e-05
            569          5.9932e-05
            570          5.9983e-05
            571          5.9769e-05
            572          5.9709e-05
            573          5.9143e-05
            574          5.9407e-05
            575          5.9502e-05
            576          5.9051e-05
            577          5.9095e-05
            578          5.8992e-05
            579          5.8481e-05
            580          5.8612e-05
            581          5.8723e-05
            582          5.8436e-05
            583          5.8179e-05
            584          5.8307e-05
            585          5.8279e-05
            586          5.7933e-05
            587          5.8246e-05
            588          5.7988e-05
            589          5.7744e-05
            590          5.7671e-05
            591          5.7509e-05
            592          5.7567e-05
            593          5.7192e-05
            594          5.7449e-05
            595          5.7164e-05
            596          5.6804e-05
            597          5.7018e-05
            598          5.7022e-05
            599          5.6720e-05
            600          5.6676e-05
            601          5.6380e-05
            602          5.6680e-05
            603          5.6158e-05
            604          5.6065e-05
            605          5.6064e-05
            606          5.6057e-05
            607          5.5885e-05
            608          5.5736e-05
            609          5.5757e-05
            610          5.5549e-05
            611          5.5343e-05
            612          5.5271e-05
            613          5.5335e-05
            614          5.4936e-05
            615          5.5388e-05
            616          5.5382e-05
            617          5.4906e-05
            618          5.4747e-05
            619          5.4327e-05
            620          5.4685e-05
            621          5.4528e-05
            622          5.4615e-05
            623          5.4334e-05
            624          5.4302e-05
            625          5.4156e-05
            626          5.4221e-05
            627          5.4238e-05
            628          5.4321e-05
            629          5.3860e-05
            630          5.3804e-05
            631          5.3568e-05
            632          5.3593e-05
            633          5.3431e-05
            634          5.3127e-05
            635          5.3249e-05
            636          5.3260e-05
            637          5.3190e-05
            638          5.3249e-05
            639          5.3008e-05
            640          5.2720e-05
            641          5.2895e-05
            642          5.2588e-05
            643          5.2720e-05
            644          5.2643e-05
            645          5.2346e-05
            646          5.2106e-05
            647          5.2436e-05
            648          5.2340e-05
            649          5.2222e-05
            650          5.2191e-05
            651          5.1870e-05
            652          5.1549e-05
            653          5.1704e-05
            654          5.1778e-05
            655          5.1418e-05
            656          5.1490e-05
            657          5.1268e-05
            658          5.1444e-05
            659          5.1236e-05
            660          5.1056e-05
            661          5.0982e-05
            662          5.1085e-05
            663          5.0850e-05
            664          5.0890e-05
            665          5.0610e-05
            666          5.0985e-05
            667          5.0468e-05
            668          5.0616e-05
            669          5.0416e-05
            670          5.0476e-05
            671          5.0598e-05
            672          5.0266e-05
            673          5.0148e-05
            674          5.0152e-05
            675          4.9842e-05
            676          4.9642e-05
            677          4.9835e-05
            678          4.9668e-05
            679          4.9867e-05
            680          4.9304e-05
            681          4.9552e-05
            682          4.9327e-05
            683          4.9395e-05
            684          4.9247e-05
            685          4.8947e-05
            686          4.8998e-05
            687          4.8773e-05
            688          4.9083e-05
            689          4.8872e-05
            690          4.8906e-05
            691          4.8810e-05
            692          4.8656e-05
            693          4.8487e-05
            694          4.8595e-05
            695          4.8475e-05
            696          4.8278e-05
            697          4.8481e-05
            698          4.8134e-05
            699          4.8054e-05
            700          4.8017e-05
            701          4.8105e-05
            702          4.7536e-05
            703          4.7853e-05
            704          4.7711e-05
            705          4.7784e-05
            706          4.7756e-05
            707          4.7353e-05
            708          4.7600e-05
            709          4.7597e-05
            710          4.7339e-05
            711          4.7381e-05
            712          4.7378e-05
            713          4.7067e-05
            714          4.6967e-05
            715          4.6939e-05
            716          4.7082e-05
            717          4.6982e-05
            718          4.6574e-05
            719          4.6635e-05
            720          4.6647e-05
            721          4.6607e-05
            722          4.6308e-05
            723          4.6362e-05
            724          4.6151e-05
            725          4.6039e-05
            726          4.6163e-05
            727          4.6072e-05
            728          4.6270e-05
            729          4.6188e-05
            730          4.6157e-05
            731          4.5623e-05
            732          4.5977e-05
            733          4.5787e-05
            734          4.5538e-05
            735          4.5663e-05
            736          4.5677e-05
            737          4.5401e-05
            738          4.5393e-05
            739          4.5337e-05
            740          4.5283e-05
            741          4.5236e-05
            742          4.5036e-05
            743          4.4920e-05
            744          4.4808e-05
            745          4.5008e-05
            746          4.5015e-05
            747          4.4728e-05
            748          4.5123e-05
            749          4.4690e-05
            750          4.4605e-05
            751          4.4606e-05
            752          4.4387e-05
            753          4.4356e-05
            754          4.4253e-05
            755          4.4183e-05
            756          4.4234e-05
            757          4.4036e-05
            758          4.3764e-05
            759          4.4163e-05
            760          4.3931e-05
            761          4.3667e-05
            762          4.3961e-05
            763          4.3739e-05
            764          4.3730e-05
            765          4.3816e-05
            766          4.3492e-05
            767          4.3636e-05
            768          4.3392e-05
            769          4.3494e-05
            770          4.3406e-05
            771          4.3056e-05
            772          4.3322e-05
            773          4.3188e-05
            774          4.3031e-05
            775          4.3065e-05
            776          4.3105e-05
            777          4.2793e-05
            778          4.2715e-05
            779          4.2900e-05
            780          4.2824e-05
            781          4.2576e-05
            782          4.2644e-05
            783          4.2568e-05
            784          4.2811e-05
            785          4.2576e-05
            786          4.2576e-05
            787          4.2274e-05
            788          4.2429e-05
            789          4.2327e-05
            790          4.2391e-05
            791          4.2216e-05
            792          4.2100e-05
            793          4.2086e-05
            794          4.2109e-05
            795          4.2241e-05
            796          4.1848e-05
            797          4.1871e-05
            798          4.1804e-05
            799          4.1543e-05
            800          4.1564e-05
            801          4.1449e-05
            802          4.1510e-05
            803          4.1268e-05
            804          4.1110e-05
            805          4.1379e-05
            806          4.1483e-05
            807          4.1195e-05
            808          4.1113e-05
            809          4.0948e-05
            810          4.1046e-05
            811          4.1231e-05
            812          4.1205e-05
            813          4.1094e-05
            814          4.0809e-05
            815          4.0883e-05
            816          4.0759e-05
            817          4.0541e-05
            818          4.0769e-05
            819          4.0535e-05
            820          4.0320e-05
            821          4.0458e-05
            822          4.0356e-05
            823          4.0207e-05
            824          4.0236e-05
            825          4.0304e-05
            826          4.0186e-05
            827          4.0075e-05
            828          4.0280e-05
            829          3.9999e-05
            830          3.9957e-05
            831          4.0097e-05
            832          3.9770e-05
            833          3.9906e-05
            834          3.9619e-05
            835          3.9859e-05
            836          3.9641e-05
            837          3.9598e-05
            838          3.9460e-05
            839          3.9531e-05
            840          3.9310e-05
            841          3.9471e-05
            842          3.9505e-05
            843          3.9342e-05
            844          3.9072e-05
            845          3.9031e-05
            846          3.9018e-05
            847          3.9229e-05
            848          3.9281e-05
            849          3.9059e-05
            850          3.9125e-05
            851          3.9076e-05
            852          3.8795e-05
            853          3.8822e-05
            854          3.8784e-05
            855          3.8720e-05
            856          3.8738e-05
            857          3.8572e-05
            858          3.8449e-05
            859          3.8521e-05
            860          3.8492e-05
            861          3.8418e-05
            862          3.8370e-05
            863          3.8371e-05
            864          3.8368e-05
            865          3.8301e-05
            866          3.8173e-05
            867          3.8086e-05
            868          3.7932e-05
            869          3.7791e-05
            870          3.8002e-05
            871          3.8115e-05
            872          3.8041e-05
            873          3.7717e-05
            874          3.7707e-05
            875          3.7698e-05
            876          3.7552e-05
            877          3.7703e-05
            878          3.7583e-05
            879          3.7783e-05
            880          3.7639e-05
            881          3.7461e-05
            882          3.7475e-05
            883          3.7398e-05
            884          3.7385e-05
            885          3.7179e-05
            886          3.7266e-05
            887          3.7190e-05
            888          3.7128e-05
            889          3.7029e-05
            890          3.7195e-05
            891          3.7093e-05
            892          3.7010e-05
            893          3.7025e-05
            894          3.6868e-05
            895          3.6935e-05
            896          3.6607e-05
            897          3.6629e-05
            898          3.6733e-05
            899          3.6602e-05
            900          3.6637e-05
            901          3.6681e-05
            902          3.6395e-05
            903          3.6519e-05
            904          3.6579e-05
            905          3.6202e-05
            906          3.6516e-05
            907          3.6332e-05
            908          3.6398e-05
            909          3.6214e-05
            910          3.6158e-05
            911          3.6280e-05
            912          3.6018e-05
            913          3.5862e-05
            914          3.6014e-05
            915          3.5835e-05
            916          3.6108e-05
            917          3.5919e-05
            918          3.5840e-05
            919          3.5885e-05
            920          3.5912e-05
            921          3.5825e-05
            922          3.5556e-05
            923          3.5619e-05
            924          3.5587e-05
            925          3.5386e-05
            926          3.5398e-05
            927          3.5573e-05
            928          3.5566e-05
            929          3.5500e-05
            930          3.5463e-05
            931          3.5356e-05
            932          3.5282e-05
            933          3.5321e-05
            934          3.5366e-05
            935          3.5064e-05
            936          3.5277e-05
            937          3.5041e-05
            938          3.4936e-05
            939          3.5195e-05
            940          3.5070e-05
            941          3.4790e-05
            942          3.4698e-05
            943          3.4790e-05
            944          3.4775e-05
            945          3.4702e-05
            946          3.4810e-05
            947          3.4525e-05
            948          3.4474e-05
            949          3.4604e-05
            950          3.4460e-05
            951          3.4477e-05
            952          3.4406e-05
            953          3.4487e-05
            954          3.4371e-05
            955          3.4259e-05
            956          3.4074e-05
            957          3.4276e-05
            958          3.4002e-05
            959          3.4206e-05
            960          3.4209e-05
            961          3.4208e-05
            962          3.4052e-05
            963          3.3990e-05
            964          3.3841e-05
            965          3.4161e-05
            966          3.3962e-05
            967          3.3756e-05
            968          3.3793e-05
            969          3.3739e-05
            970          3.3756e-05
            971          3.3826e-05
            972          3.3631e-05
            973          3.3742e-05
            974          3.3702e-05
            975          3.3789e-05
            976          3.3684e-05
            977          3.3478e-05
            978          3.3221e-05
            979          3.3331e-05
            980          3.3355e-05
            981          3.3315e-05
            982          3.3276e-05
            983          3.3473e-05
            984          3.3221e-05
            985          3.3068e-05
            986          3.2972e-05
            987          3.3070e-05
            988          3.3032e-05
            989          3.2907e-05
            990          3.2918e-05
            991          3.2750e-05
            992          3.2866e-05
            993          3.2905e-05
            994          3.2902e-05
            995          3.2668e-05
            996          3.2671e-05
            997          3.2616e-05
            998          3.2495e-05
            999          3.2457e-05
           1000          3.2447e-05
