              0          1.0000e+00
              1          9.7972e-02
              2          5.8507e-02
              3          4.1314e-02
              4          3.1032e-02
              5          2.4174e-02
              6          1.9389e-02
              7          1.5962e-02
              8          1.3412e-02
              9          1.1515e-02
             10          9.9183e-03
             11          8.6193e-03
             12          7.6426e-03
             13          6.8494e-03
             14          6.2415e-03
             15          5.6691e-03
             16          5.2098e-03
             17          4.7810e-03
             18          4.4208e-03
             19          4.1247e-03
             20          3.8894e-03
             21          3.6372e-03
             22          3.4186e-03
             23          3.2298e-03
             24          3.0694e-03
             25          2.9234e-03
             26          2.7734e-03
             27          2.6493e-03
             28          2.5229e-03
             29          2.4322e-03
             30          2.3296e-03
             31          2.2408e-03
             32          2.1537e-03
             33          2.0799e-03
             34          1.9981e-03
             35          1.9341e-03
             36          1.8725e-03
             37          1.8103e-03
             38          1.7574e-03
             39          1.6815e-03
             40          1.6218e-03
             41          1.5763e-03
             42          1.5280e-03
             43          1.4823e-03
             44          1.4369e-03
             45          1.3999e-03
             46          1.3635e-03
             47          1.3234e-03
             48          1.2817e-03
             49          1.2458e-03
             50          1.2151e-03
             51          1.1823e-03
             52          1.1548e-03
             53          1.1287e-03
             54          1.1094e-03
             55          1.0854e-03
             56          1.0647e-03
             57          1.0451e-03
             58          1.0209e-03
             59          9.9991e-04
             60          9.7794e-04
             61          9.6057e-04
             62          9.3935e-04
             63          9.2266e-04
             64          9.0652e-04
             65          8.8494e-04
             66          8.6865e-04
             67          8.5096e-04
             68          8.3511e-04
             69          8.1897e-04
             70          8.0711e-04
             71          7.9265e-04
             72          7.7924e-04
             73          7.6424e-04
             74          7.5376e-04
             75          7.4135e-04
             76          7.3001e-04
             77          7.1932e-04
             78          7.0946e-04
             79          6.9902e-04
             80          6.8942e-04
             81          6.7772e-04
             82          6.6904e-04
             83          6.5754e-04
             84          6.4852e-04
             85          6.4017e-04
             86          6.3198e-04
             87          6.2329e-04
             88          6.1635e-04
             89          6.0628e-04
             90          5.9816e-04
             91          5.9108e-04
             92          5.8033e-04
             93          5.7172e-04
             94          5.6436e-04
             95          5.6042e-04
             96          5.5106e-04
             97          5.4272e-04
             98          5.3391e-04
             99          5.2689e-04
            100          5.1726e-04
            101          5.0918e-04
            102          5.0333e-04
            103          4.9672e-04
            104          4.9051e-04
            105          4.8302e-04
            106          4.7627e-04
            107          4.7159e-04
            108          4.6572e-04
            109          4.6140e-04
            110          4.5496e-04
            111          4.4914e-04
            112          4.4341e-04
            113          4.3847e-04
            114          4.3442e-04
            115          4.3053e-04
            116          4.2461e-04
            117          4.2026e-04
            118          4.1585e-04
            119          4.1116e-04
            120          4.0768e-04
            121          4.0237e-04
            122          3.9921e-04
            123          3.9431e-04
            124          3.8916e-04
            125          3.8402e-04
            126          3.8147e-04
            127          3.7957e-04
            128          3.7309e-04
            129          3.6917e-04
            130          3.6350e-04
            131          3.5837e-04
            132          3.5538e-04
            133          3.5189e-04
            134          3.4816e-04
            135          3.4411e-04
            136          3.4216e-04
            137          3.3914e-04
            138          3.3481e-04
            139          3.3156e-04
            140          3.2908e-04
            141          3.2626e-04
            142          3.2352e-04
            143          3.1949e-04
            144          3.1663e-04
            145          3.1342e-04
            146          3.1058e-04
            147          3.0712e-04
            148          3.0403e-04
            149          3.0172e-04
            150          2.9772e-04
            151          2.9578e-04
            152          2.9254e-04
            153          2.9023e-04
            154          2.8789e-04
            155          2.8590e-04
            156          2.8487e-04
            157          2.8156e-04
            158          2.7901e-04
            159          2.7577e-04
            160          2.7497e-04
            161          2.7309e-04
            162          2.7014e-04
            163          2.6794e-04
            164          2.6586e-04
            165          2.6357e-04
            166          2.6044e-04
            167          2.5787e-04
            168          2.5698e-04
            169          2.5464e-04
            170          2.5287e-04
            171          2.5031e-04
            172          2.4845e-04
            173          2.4774e-04
            174          2.4571e-04
            175          2.4314e-04
            176          2.4174e-04
            177          2.4000e-04
            178          2.3863e-04
            179          2.3661e-04
            180          2.3438e-04
            181          2.3190e-04
            182          2.3147e-04
            183          2.2893e-04
            184          2.2874e-04
            185          2.2622e-04
            186          2.2538e-04
            187          2.2375e-04
            188          2.2218e-04
            189          2.1998e-04
            190          2.1850e-04
            191          2.1632e-04
            192          2.1576e-04
            193          2.1440e-04
            194          2.1289e-04
            195          2.1224e-04
            196          2.1164e-04
            197          2.0900e-04
            198          2.0778e-04
            199          2.0648e-04
            200          2.0619e-04
            201          2.0461e-04
            202          2.0379e-04
            203          2.0146e-04
            204          2.0100e-04
            205          2.0059e-04
            206          1.9798e-04
            207          1.9689e-04
            208          1.9538e-04
            209          1.9449e-04
            210          1.9332e-04
            211          1.9184e-04
            212          1.9137e-04
            213          1.9063e-04
            214          1.8876e-04
            215          1.8826e-04
            216          1.8747e-04
            217          1.8775e-04
            218          1.8560e-04
            219          1.8325e-04
            220          1.8306e-04
            221          1.8189e-04
            222          1.8017e-04
            223          1.7947e-04
            224          1.7773e-04
            225          1.7630e-04
            226          1.7553e-04
            227          1.7485e-04
            228          1.7461e-04
            229          1.7325e-04
            230          1.7211e-04
            231          1.7121e-04
            232          1.7034e-04
            233          1.6923e-04
            234          1.6847e-04
            235          1.6721e-04
            236          1.6625e-04
            237          1.6536e-04
            238          1.6456e-04
            239          1.6434e-04
            240          1.6314e-04
            241          1.6176e-04
            242          1.6219e-04
            243          1.6085e-04
            244          1.5926e-04
            245          1.5872e-04
            246          1.5770e-04
            247          1.5632e-04
            248          1.5534e-04
            249          1.5480e-04
            250          1.5485e-04
            251          1.5444e-04
            252          1.5424e-04
            253          1.5266e-04
            254          1.5167e-04
            255          1.5045e-04
            256          1.4973e-04
            257          1.4922e-04
            258          1.4898e-04
            259          1.4827e-04
            260          1.4718e-04
            261          1.4658e-04
            262          1.4500e-04
            263          1.4442e-04
            264          1.4387e-04
            265          1.4298e-04
            266          1.4303e-04
            267          1.4251e-04
            268          1.4180e-04
            269          1.4126e-04
            270          1.4059e-04
            271          1.4028e-04
            272          1.4010e-04
            273          1.3896e-04
            274          1.3839e-04
            275          1.3757e-04
            276          1.3734e-04
            277          1.3698e-04
            278          1.3665e-04
            279          1.3522e-04
            280          1.3452e-04
            281          1.3427e-04
            282          1.3397e-04
            283          1.3332e-04
            284          1.3262e-04
            285          1.3185e-04
            286          1.3143e-04
            287          1.3111e-04
            288          1.3031e-04
            289          1.3015e-04
            290          1.2939e-04
            291          1.2878e-04
            292          1.2846e-04
            293          1.2818e-04
            294          1.2728e-04
            295          1.2628e-04
            296          1.2641e-04
            297          1.2590e-04
            298          1.2561e-04
            299          1.2519e-04
            300          1.2448e-04
            301          1.2438e-04
            302          1.2352e-04
            303          1.2285e-04
            304          1.2261e-04
            305          1.2214e-04
            306          1.2155e-04
            307          1.2108e-04
            308          1.2083e-04
            309          1.2041e-04
            310          1.1988e-04
            311          1.1968e-04
            312          1.1909e-04
            313          1.1902e-04
            314          1.1825e-04
            315          1.1840e-04
            316          1.1731e-04
            317          1.1765e-04
            318          1.1705e-04
            319          1.1645e-04
            320          1.1595e-04
            321          1.1527e-04
            322          1.1491e-04
            323          1.1423e-04
            324          1.1368e-04
            325          1.1406e-04
            326          1.1369e-04
            327          1.1321e-04
            328          1.1249e-04
            329          1.1208e-04
            330          1.1184e-04
            331          1.1167e-04
            332          1.1142e-04
            333          1.1093e-04
            334          1.1020e-04
            335          1.0992e-04
            336          1.0953e-04
            337          1.0914e-04
            338          1.0908e-04
            339          1.0852e-04
            340          1.0808e-04
            341          1.0751e-04
            342          1.0720e-04
            343          1.0680e-04
            344          1.0598e-04
            345          1.0607e-04
            346          1.0558e-04
            347          1.0511e-04
            348          1.0427e-04
            349          1.0464e-04
            350          1.0446e-04
            351          1.0367e-04
            352          1.0360e-04
            353          1.0274e-04
            354          1.0281e-04
            355          1.0277e-04
            356          1.0256e-04
            357          1.0226e-04
            358          1.0176e-04
            359          1.0128e-04
            360          1.0062e-04
            361          1.0048e-04
            362          9.9894e-05
            363          1.0063e-04
            364          9.9606e-05
            365          9.9729e-05
            366          9.9286e-05
            367          9.8808e-05
            368          9.8833e-05
            369          9.8291e-05
            370          9.8221e-05
            371          9.7733e-05
            372          9.7295e-05
            373          9.7501e-05
            374          9.7587e-05
            375          9.6890e-05
            376          9.7052e-05
            377          9.6019e-05
            378          9.6081e-05
            379          9.5317e-05
            380          9.5619e-05
            381          9.5322e-05
            382          9.4704e-05
            383          9.3904e-05
            384          9.4204e-05
            385          9.3823e-05
            386          9.3556e-05
            387          9.3521e-05
            388          9.2826e-05
            389          9.2741e-05
            390          9.2069e-05
            391          9.1895e-05
            392          9.1881e-05
            393          9.1554e-05
            394          9.1604e-05
            395          9.1364e-05
            396          9.1291e-05
            397          9.0791e-05
            398          9.0262e-05
            399          9.0026e-05
            400          8.9985e-05
            401          8.9918e-05
            402          8.9597e-05
            403          8.8987e-05
            404          8.8751e-05
            405          8.8545e-05
            406          8.8554e-05
            407          8.7754e-05
            408          8.7729e-05
            409          8.7673e-05
            410          8.7385e-05
            411          8.7254e-05
            412          8.6572e-05
            413          8.6377e-05
            414          8.6632e-05
            415          8.5894e-05
            416          8.5627e-05
            417          8.5896e-05
            418          8.5504e-05
            419          8.5123e-05
            420          8.4900e-05
            421          8.4468e-05
            422          8.4103e-05
            423          8.3960e-05
            424          8.4398e-05
            425          8.3934e-05
            426          8.3525e-05
            427          8.3574e-05
            428          8.3227e-05
            429          8.2628e-05
            430          8.2551e-05
            431          8.2004e-05
            432          8.2142e-05
            433          8.1714e-05
            434          8.1291e-05
            435          8.1193e-05
            436          8.0922e-05
            437          8.0762e-05
            438          8.0708e-05
            439          8.0405e-05
            440          8.0472e-05
            441          8.0265e-05
            442          8.0318e-05
            443          7.9869e-05
            444          7.9505e-05
            445          7.9419e-05
            446          7.9406e-05
            447          7.9128e-05
            448          7.8650e-05
            449          7.8503e-05
            450          7.8423e-05
            451          7.8481e-05
            452          7.7827e-05
            453          7.8105e-05
            454          7.7661e-05
            455          7.7455e-05
            456          7.7293e-05
            457          7.7010e-05
            458          7.7191e-05
            459          7.6758e-05
            460          7.6697e-05
            461          7.6616e-05
            462          7.6257e-05
            463          7.6283e-05
            464          7.5915e-05
            465          7.5500e-05
            466          7.5694e-05
            467          7.5269e-05
            468          7.5288e-05
            469          7.5005e-05
            470          7.4679e-05
            471          7.4582e-05
            472          7.4634e-05
            473          7.4150e-05
            474          7.4035e-05
            475          7.4152e-05
            476          7.3974e-05
            477          7.3589e-05
            478          7.3545e-05
            479          7.3306e-05
            480          7.3041e-05
            481          7.2935e-05
            482          7.2520e-05
            483          7.2107e-05
            484          7.2129e-05
            485          7.2007e-05
            486          7.1908e-05
            487          7.1786e-05
            488          7.1497e-05
            489          7.1419e-05
            490          7.1441e-05
            491          7.1240e-05
            492          7.1006e-05
            493          7.0895e-05
            494          7.0764e-05
            495          7.0401e-05
            496          7.0249e-05
            497          7.0295e-05
            498          6.9997e-05
            499          6.9949e-05
            500          6.9477e-05
            501          6.9580e-05
            502          6.9481e-05
            503          6.9172e-05
            504          6.9333e-05
            505          6.9154e-05
            506          6.8866e-05
            507          6.8949e-05
            508          6.8614e-05
            509          6.8052e-05
            510          6.8208e-05
            511          6.7917e-05
            512          6.7775e-05
            513          6.7785e-05
            514          6.7413e-05
            515          6.7774e-05
            516          6.7378e-05
            517          6.7023e-05
            518          6.7087e-05
            519          6.6952e-05
            520          6.6850e-05
            521          6.6763e-05
            522          6.6608e-05
            523          6.6200e-05
            524          6.6154e-05
            525          6.6060e-05
            526          6.6327e-05
            527          6.5958e-05
            528          6.5806e-05
            529          6.5336e-05
            530          6.5428e-05
            531          6.5149e-05
            532          6.5026e-05
            533          6.5049e-05
            534          6.5135e-05
            535          6.4659e-05
            536          6.4383e-05
            537          6.4065e-05
            538          6.4378e-05
            539          6.4122e-05
            540          6.4163e-05
            541          6.3776e-05
            542          6.3800e-05
            543          6.3770e-05
            544          6.3538e-05
            545          6.3374e-05
            546          6.3134e-05
            547          6.3200e-05
            548          6.3026e-05
            549          6.2985e-05
            550          6.2926e-05
            551          6.2733e-05
            552          6.2370e-05
            553          6.2488e-05
            554          6.2421e-05
            555          6.2064e-05
            556          6.2006e-05
            557          6.1829e-05
            558          6.1652e-05
            559          6.1774e-05
            560          6.1267e-05
            561          6.0944e-05
            562          6.1021e-05
            563          6.1365e-05
            564          6.1268e-05
            565          6.0932e-05
            566          6.0629e-05
            567          6.0730e-05
            568          6.0475e-05
            569          6.0606e-05
            570          6.0272e-05
            571          6.0126e-05
            572          6.0369e-05
            573          5.9778e-05
            574          5.9958e-05
            575          5.9867e-05
            576          5.9374e-05
            577          5.9496e-05
            578          5.9588e-05
            579          5.9056e-05
            580          5.8971e-05
            581          5.9420e-05
            582          5.9255e-05
            583          5.9270e-05
            584          5.8803e-05
            585          5.8592e-05
            586          5.8345e-05
            587          5.8691e-05
            588          5.8524e-05
            589          5.8026e-05
            590          5.8086e-05
            591          5.8171e-05
            592          5.8123e-05
            593          5.7774e-05
            594          5.7783e-05
            595          5.7692e-05
            596          5.7609e-05
            597          5.7713e-05
            598          5.7570e-05
            599          5.7433e-05
            600          5.6914e-05
            601          5.7105e-05
            602          5.6720e-05
            603          5.7099e-05
            604          5.6763e-05
            605          5.6483e-05
            606          5.6399e-05
            607          5.6234e-05
            608          5.6444e-05
            609          5.6303e-05
            610          5.5980e-05
            611          5.5719e-05
            612          5.5747e-05
            613          5.5667e-05
            614          5.5673e-05
            615          5.5385e-05
            616          5.5366e-05
            617          5.5500e-05
            618          5.5459e-05
            619          5.5141e-05
            620          5.4959e-05
            621          5.5093e-05
            622          5.5184e-05
            623          5.4669e-05
            624          5.4720e-05
            625          5.4573e-05
            626          5.4357e-05
            627          5.4431e-05
            628          5.4242e-05
            629          5.4358e-05
            630          5.3963e-05
            631          5.4292e-05
            632          5.3990e-05
            633          5.3739e-05
            634          5.3797e-05
            635          5.3655e-05
            636          5.3430e-05
            637          5.3321e-05
            638          5.3039e-05
            639          5.3065e-05
            640          5.3130e-05
            641          5.3252e-05
            642          5.2804e-05
            643          5.2683e-05
            644          5.2934e-05
            645          5.2639e-05
            646          5.2715e-05
            647          5.2511e-05
            648          5.2292e-05
            649          5.2326e-05
            650          5.2444e-05
            651          5.2173e-05
            652          5.1939e-05
            653          5.1900e-05
            654          5.1770e-05
            655          5.1643e-05
            656          5.1842e-05
            657          5.1675e-05
            658          5.1607e-05
            659          5.1328e-05
            660          5.1620e-05
            661          5.1198e-05
            662          5.1378e-05
            663          5.0978e-05
            664          5.0842e-05
            665          5.0984e-05
            666          5.1100e-05
            667          5.0779e-05
            668          5.0737e-05
            669          5.1047e-05
            670          5.0314e-05
            671          5.0641e-05
            672          5.0388e-05
            673          5.0134e-05
            674          5.0306e-05
            675          5.0113e-05
            676          5.0151e-05
            677          4.9958e-05
            678          5.0142e-05
            679          4.9686e-05
            680          4.9924e-05
            681          4.9614e-05
            682          4.9614e-05
            683          4.9241e-05
            684          4.9541e-05
            685          4.9413e-05
            686          4.9451e-05
            687          4.9320e-05
            688          4.8984e-05
            689          4.9123e-05
            690          4.8918e-05
            691          4.8772e-05
            692          4.8948e-05
            693          4.8652e-05
            694          4.8451e-05
            695          4.8493e-05
            696          4.8470e-05
            697          4.8323e-05
            698          4.8320e-05
            699          4.8272e-05
            700          4.8201e-05
            701          4.8090e-05
            702          4.8133e-05
            703          4.7534e-05
            704          4.8018e-05
            705          4.7745e-05
            706          4.7879e-05
            707          4.7637e-05
            708          4.7698e-05
            709          4.7649e-05
            710          4.7362e-05
            711          4.7455e-05
            712          4.7241e-05
            713          4.7273e-05
            714          4.7187e-05
            715          4.7068e-05
            716          4.7012e-05
            717          4.7212e-05
            718          4.6992e-05
            719          4.6848e-05
            720          4.6752e-05
            721          4.6657e-05
            722          4.6565e-05
            723          4.6602e-05
            724          4.6474e-05
            725          4.6279e-05
            726          4.6148e-05
            727          4.6349e-05
            728          4.6045e-05
            729          4.6039e-05
            730          4.6021e-05
            731          4.5889e-05
            732          4.6017e-05
            733          4.5890e-05
            734          4.5637e-05
            735          4.5887e-05
            736          4.5489e-05
            737          4.5572e-05
            738          4.5290e-05
            739          4.5231e-05
            740          4.5155e-05
            741          4.5065e-05
            742          4.5146e-05
            743          4.4857e-05
            744          4.4901e-05
            745          4.4931e-05
            746          4.4833e-05
            747          4.4768e-05
            748          4.4843e-05
            749          4.4719e-05
            750          4.4443e-05
            751          4.4544e-05
            752          4.4437e-05
            753          4.4448e-05
            754          4.4416e-05
            755          4.4438e-05
            756          4.4252e-05
            757          4.3999e-05
            758          4.4162e-05
            759          4.3955e-05
            760          4.4318e-05
            761          4.4016e-05
            762          4.3757e-05
            763          4.3976e-05
            764          4.3925e-05
            765          4.3709e-05
            766          4.3784e-05
            767          4.3477e-05
            768          4.3511e-05
            769          4.3302e-05
            770          4.3371e-05
            771          4.3126e-05
            772          4.3376e-05
            773          4.3118e-05
            774          4.3252e-05
            775          4.3044e-05
            776          4.2825e-05
            777          4.2956e-05
            778          4.2961e-05
            779          4.2835e-05
            780          4.3045e-05
            781          4.2392e-05
            782          4.2736e-05
            783          4.2760e-05
            784          4.2547e-05
            785          4.2847e-05
            786          4.2447e-05
            787          4.2278e-05
            788          4.2262e-05
            789          4.2300e-05
            790          4.2127e-05
            791          4.2254e-05
            792          4.1994e-05
            793          4.2175e-05
            794          4.1793e-05
            795          4.2049e-05
            796          4.1831e-05
            797          4.1822e-05
            798          4.1815e-05
            799          4.1694e-05
            800          4.1743e-05
            801          4.1641e-05
            802          4.1516e-05
            803          4.1387e-05
            804          4.1348e-05
            805          4.1315e-05
            806          4.1399e-05
            807          4.1274e-05
            808          4.1101e-05
            809          4.1239e-05
            810          4.1140e-05
            811          4.1150e-05
            812          4.0958e-05
            813          4.0932e-05
            814          4.0838e-05
            815          4.0760e-05
            816          4.0950e-05
            817          4.0507e-05
            818          4.0738e-05
            819          4.0288e-05
            820          4.0571e-05
            821          4.0542e-05
            822          4.0342e-05
            823          4.0279e-05
            824          4.0356e-05
            825          4.0367e-05
            826          4.0265e-05
            827          3.9974e-05
            828          4.0105e-05
            829          4.0081e-05
            830          4.0093e-05
            831          3.9864e-05
            832          3.9840e-05
            833          3.9851e-05
            834          3.9742e-05
            835          3.9749e-05
            836          3.9625e-05
            837          3.9688e-05
            838          3.9393e-05
            839          3.9365e-05
            840          3.9382e-05
            841          3.9487e-05
            842          3.9334e-05
            843          3.9242e-05
            844          3.9086e-05
            845          3.9087e-05
            846          3.9303e-05
            847          3.9121e-05
            848          3.9037e-05
            849          3.9115e-05
            850          3.8990e-05
            851          3.8807e-05
            852          3.8772e-05
            853          3.8916e-05
            854          3.8749e-05
            855          3.8647e-05
            856          3.8688e-05
            857          3.8340e-05
            858          3.8553e-05
            859          3.8468e-05
            860          3.8370e-05
            861          3.8318e-05
            862          3.8291e-05
            863          3.8297e-05
            864          3.8181e-05
            865          3.8518e-05
            866          3.7917e-05
            867          3.7894e-05
            868          3.7884e-05
            869          3.8010e-05
            870          3.7778e-05
            871          3.7926e-05
            872          3.7742e-05
            873          3.7820e-05
            874          3.7666e-05
            875          3.7577e-05
            876          3.7788e-05
            877          3.7501e-05
            878          3.7551e-05
            879          3.7547e-05
            880          3.7292e-05
            881          3.7541e-05
            882          3.7226e-05
            883          3.7358e-05
            884          3.7246e-05
            885          3.7191e-05
            886          3.7321e-05
            887          3.7184e-05
            888          3.7020e-05
            889          3.7151e-05
            890          3.7057e-05
            891          3.6813e-05
            892          3.6967e-05
            893          3.6820e-05
            894          3.6947e-05
            895          3.6784e-05
            896          3.6740e-05
            897          3.6696e-05
            898          3.6625e-05
            899          3.6414e-05
            900          3.6532e-05
            901          3.6655e-05
            902          3.6374e-05
            903          3.6268e-05
            904          3.6422e-05
            905          3.6274e-05
            906          3.6311e-05
            907          3.6112e-05
            908          3.6218e-05
            909          3.6274e-05
            910          3.5972e-05
            911          3.5990e-05
            912          3.5998e-05
            913          3.5924e-05
            914          3.5841e-05
            915          3.5870e-05
            916          3.5833e-05
            917          3.5656e-05
            918          3.5540e-05
            919          3.5639e-05
            920          3.5684e-05
            921          3.5599e-05
            922          3.5605e-05
            923          3.5559e-05
            924          3.5494e-05
            925          3.5267e-05
            926          3.5309e-05
            927          3.5370e-05
            928          3.5261e-05
            929          3.5360e-05
            930          3.5225e-05
            931          3.5116e-05
            932          3.5349e-05
            933          3.5163e-05
            934          3.4889e-05
            935          3.5054e-05
            936          3.4876e-05
            937          3.4897e-05
            938          3.5027e-05
            939          3.5004e-05
            940          3.4684e-05
            941          3.4868e-05
            942          3.4663e-05
            943          3.4863e-05
            944          3.4487e-05
            945          3.4534e-05
            946          3.4507e-05
            947          3.4499e-05
            948          3.4328e-05
            949          3.4416e-05
            950          3.4385e-05
            951          3.4403e-05
            952          3.4334e-05
            953          3.4112e-05
            954          3.4392e-05
            955          3.4184e-05
            956          3.4147e-05
            957          3.3717e-05
            958          3.4035e-05
            959          3.3984e-05
            960          3.4027e-05
            961          3.3896e-05
            962          3.3904e-05
            963          3.3988e-05
            964          3.3730e-05
            965          3.3598e-05
            966          3.3754e-05
            967          3.3652e-05
            968          3.3729e-05
            969          3.3638e-05
            970          3.3743e-05
            971          3.3577e-05
            972          3.3535e-05
            973          3.3321e-05
            974          3.3403e-05
            975          3.3253e-05
            976          3.3183e-05
            977          3.3182e-05
            978          3.3266e-05
            979          3.3267e-05
            980          3.3202e-05
            981          3.3174e-05
            982          3.3066e-05
            983          3.3056e-05
            984          3.2992e-05
            985          3.3020e-05
            986          3.2950e-05
            987          3.2789e-05
            988          3.2791e-05
            989          3.2852e-05
            990          3.2892e-05
            991          3.2520e-05
            992          3.2685e-05
            993          3.2592e-05
            994          3.2668e-05
            995          3.2658e-05
            996          3.2431e-05
            997          3.2464e-05
            998          3.2577e-05
            999          3.2481e-05
           1000          3.2428e-05
