 0.9257678846674078
 0.2285565601833482
 0.1197783449750319
 0.1602681962904531
 0.565476072897461
 0.3638202250050488
 0.5062445793682689
 0.5476420582443056
 0.5135742922297964
 0.8156177734997
 0.4171965415367357
 0.970022315883013
 0.08432228347167119
 0.4791055974109189
 0.465047568762398
 0.5056071610248427
 0.1645599002682781
 0.7058332636812651
 0.50533038289903
 0.9069916841693992
 0.1158817648228165
 0.3324750007117209
 0.2358509761368819
 0.1146507654442857
 0.2225928077530238
 0.5531938877460997
 0.3367154209961552
 0.6045464567821027
 0.1399271477735598
 0.002674446152746079
 0.1364700830393031
 0.04403078407665377
 0.17731777787485
 0.0655797189193174
 0.5661620762286834
 0.4612585552873981
 0.9986929848296207
 0.9306992553767358
 0.03610816698747736
 0.1818388262334359
 0.1369549780349378
 0.5721943982445855
 0.3835346690642484
 0.9651211691630242
 0.6509356709779348
 0.8653799245461712
 0.2589702094200484
 0.3333675426013196
 0.09255641331015367
 0.6263128776295845
 0.6452020901742964
 0.7376552646514482
 0.3418093366362995
 0.0859699296796043
 0.4736461273349921
 0.6575921450345354
 0.2205812634956818
 0.3375326668747142
 0.1625803023858546
 0.8394201044656815
 0.04927001374323207
 0.1894134004223501
 0.4217587226004396
 0.7262552423852126
 0.6520006338716979
 0.9305399632519147
 0.4305333215062433
 0.5463497410381243
 0.7650874844772301
 0.5551750329965335
 0.6963384714854086
 0.8827688894149607
 0.6403512845032202
 0.2311085130413809
 0.01917873842409916
 0.3895569266671234
 0.4142341315539351
 0.9642455022057445
 0.8852140201950934
 0.9140939200486884
 0.8090493851826194
 0.5598343730444199
 0.269669381544949
 0.2100027214542676
 0.5882550690308841
 0.1136542594660958
 0.5906415914635722
 0.9833769322613065
 0.5923252834432531
 0.8851057348152939
 0.3825346203521316
 0.9311774885112478
 0.837535536650816
 0.6738324069852363
 0.1435821958383771
 0.8084124795464713
 0.9335455899984351
 0.5180506352399045
 0.600179208221823
 0.004570762521652605
 0.6659816639959817
 0.2793452777205124
 0.1227353898069065
 0.6586304137124556
 0.5892488096742512
 0.6557933097387939
 0.9426437103119647
 0.9667618570851836
 0.0769477288204075
 0.6134752152424545
 0.4852795601270235
 0.8569833390042098
